100 100
0.00 0.01 0.42 1.77 3.65 0.91 0.92 4.87 5.27 4.54 2.33 8.31 9.32 5.68 5.56 0.51 7.67 0.19 2.52 2.98 8.76 5.32 9.20 5.15 8.10 1.88 8.86 5.71 0.77 8.15 9.85 1.18 8.94 7.84 1.01 2.53 0.20 3.78 6.79 6.81 7.53 0.06 6.24 1.26 6.18 7.71 1.87 4.97 5.10 3.16 7.02 3.67 8.76 3.71 5.25 4.28 5.43 6.68 1.71 8.31 8.62 7.69 0.53 9.67 3.34 0.82 2.70 0.74 6.76 8.10 4.64 5.69 5.12 5.87 7.39 8.72 5.78 9.65 3.34 3.93 1.77 1.12 8.53 8.11 9.55 9.04 1.39 6.86 1.27 0.04 0.01 1.93 5.87 3.75 0.27 4.65 7.85 4.42 2.88 8.53 
5.26 7.28 2.66 7.83 4.68 1.97 4.47 7.28 9.66 7.57 4.66 8.69 1.34 8.46 0.18 9.41 6.70 8.00 1.43 6.10 9.08 7.74 3.66 9.44 8.85 4.45 1.63 4.25 4.80 0.31 6.08 7.92 1.82 5.25 8.99 3.09 9.43 3.88 9.31 9.11 3.38 5.33 7.02 9.71 7.68 7.52 0.91 8.54 1.75 0.20 4.19 2.96 3.78 4.19 1.38 3.81 3.00 0.21 2.39 0.37 2.21 5.25 4.95 8.83 7.74 0.59 1.20 5.48 3.42 4.57 5.88 5.85 0.70 8.19 4.03 5.85 1.91 8.92 1.76 2.08 1.16 1.59 9.93 6.82 8.12 6.42 3.29 7.38 8.23 7.21 6.58 3.59 6.10 4.15 8.15 7.74 2.74 0.45 6.01 5.14 
6.30 1.81 2.79 4.52 6.43 7.43 4.14 6.18 6.18 8.54 1.81 3.08 0.23 0.09 9.51 9.91 2.05 6.04 9.36 5.60 5.47 4.39 4.50 3.07 2.01 2.16 0.50 2.10 5.75 9.15 4.16 6.54 3.56 5.87 3.92 0.34 2.86 0.92 4.44 9.26 9.21 6.06 8.61 0.15 6.87 8.45 1.30 0.60 0.13 3.91 8.66 0.15 9.24 8.87 6.62 6.55 0.76 0.93 0.03 5.27 7.90 6.54 5.46 7.98 7.27 2.53 2.55 1.38 4.83 4.68 1.01 5.04 8.58 0.10 8.22 9.64 0.19 9.30 0.63 0.38 1.90 2.77 4.47 6.49 1.51 4.87 6.50 5.34 3.57 3.94 7.22 7.25 3.06 1.07 9.11 7.41 2.39 6.51 3.68 0.26 
8.49 0.42 0.56 4.26 4.80 5.02 9.81 6.08 9.13 7.50 7.14 9.71 0.29 2.64 0.18 0.81 1.55 1.14 7.57 9.38 1.29 5.93 1.23 5.99 0.66 2.56 4.12 9.48 3.53 0.17 9.73 7.62 8.62 4.05 8.68 0.37 2.08 4.23 9.85 5.64 5.76 4.68 4.64 7.61 3.02 4.17 0.99 1.37 6.98 1.80 8.93 7.31 3.02 1.41 8.24 4.42 5.90 9.78 5.03 8.98 7.25 2.61 4.55 2.62 9.60 0.17 9.40 9.02 0.98 5.21 0.85 7.95 8.69 0.96 8.80 0.06 2.02 4.73 6.44 9.34 0.98 5.71 5.08 6.59 8.93 7.36 6.89 8.09 2.40 7.64 7.69 5.42 4.81 4.14 0.74 5.27 5.08 7.52 1.31 0.09 
7.64 1.01 9.65 0.89 1.16 8.96 7.45 2.19 5.85 2.41 8.84 3.96 0.57 9.27 4.52 8.71 2.30 4.89 5.71 8.53 2.18 9.21 0.39 4.08 0.54 1.05 5.30 5.73 1.14 0.43 5.01 7.25 4.94 3.46 0.35 3.67 9.16 5.05 8.62 9.24 0.15 2.90 2.39 7.16 1.02 7.77 2.45 4.32 5.92 5.15 7.69 7.22 8.04 7.41 5.06 8.18 0.59 5.76 8.62 5.51 8.29 1.24 7.10 0.02 0.32 2.91 6.71 3.00 4.34 2.73 1.24 1.34 1.05 4.16 8.21 2.60 1.48 0.14 2.21 3.53 7.62 4.21 6.87 5.27 3.30 1.44 3.75 7.45 7.30 7.32 1.74 5.57 6.86 8.70 5.58 3.45 5.36 9.62 9.23 7.53 
6.87 3.36 3.61 7.08 6.63 3.97 0.14 4.08 6.68 2.19 0.89 6.18 0.19 2.17 2.06 3.74 4.00 2.94 5.24 7.92 3.97 7.27 6.97 6.32 1.23 7.33 1.69 0.28 2.16 1.71 1.70 5.29 3.13 9.01 4.44 0.79 1.37 5.35 6.43 8.42 9.70 3.40 3.68 7.13 0.46 1.25 2.58 9.65 8.37 6.88 6.89 8.09 5.25 5.83 6.84 4.60 7.60 2.76 3.17 0.66 1.48 4.73 2.40 9.45 3.31 2.61 1.71 8.74 8.64 4.78 2.17 7.73 1.03 2.08 2.31 1.66 2.65 8.04 1.09 2.58 8.80 2.15 6.65 6.26 7.93 3.46 6.30 2.51 0.36 8.07 4.05 4.38 7.56 7.84 4.80 7.16 3.88 0.28 4.17 9.01 
6.12 8.34 7.58 6.07 8.61 4.06 2.38 5.85 1.05 4.90 8.45 7.04 1.05 6.93 0.33 4.27 7.32 2.75 3.36 3.14 2.18 6.08 5.79 0.71 4.79 1.61 2.93 6.57 9.97 0.93 0.52 0.22 9.34 0.63 7.12 5.56 4.12 9.88 4.60 7.00 6.87 5.35 5.76 5.42 6.01 3.72 8.98 2.46 4.12 5.70 2.90 8.32 2.68 2.62 4.93 0.66 1.10 2.33 6.18 7.04 2.59 8.03 1.28 4.05 8.08 1.61 4.43 6.91 0.29 5.43 5.08 9.13 4.39 8.64 8.33 6.66 8.72 9.15 1.51 0.92 6.75 1.31 8.96 3.16 0.71 5.81 2.14 6.93 3.07 8.05 8.79 7.44 5.77 8.67 8.45 6.47 0.98 6.24 8.04 9.30 
4.45 1.03 9.43 8.51 1.36 8.42 6.83 5.53 9.82 3.49 7.53 2.10 4.22 8.54 0.21 2.55 5.32 6.28 7.74 6.28 7.90 1.13 8.87 7.73 8.57 4.80 7.74 2.86 2.92 1.98 2.97 4.77 3.14 4.05 5.90 4.16 8.67 0.47 0.44 7.63 4.35 4.90 5.33 9.58 4.56 9.64 3.85 4.63 0.36 3.33 8.68 9.46 7.03 2.41 1.98 8.62 6.96 1.69 8.55 1.87 0.61 9.18 3.10 1.91 2.90 9.99 2.48 8.49 4.27 4.58 7.10 5.00 3.01 3.41 0.09 8.28 3.67 8.77 2.74 6.09 7.64 2.18 1.94 3.74 6.55 2.02 4.29 4.37 0.58 8.70 6.66 3.06 1.10 9.28 9.40 4.10 2.13 6.99 2.84 2.93 
6.33 5.48 5.87 7.47 0.69 9.57 7.27 0.82 9.69 1.07 0.91 4.40 3.80 7.11 9.38 2.91 9.42 1.75 0.29 3.88 9.45 7.14 4.61 3.37 8.26 5.86 8.90 7.04 9.20 8.90 6.31 3.58 0.68 7.92 6.26 4.57 7.50 2.93 6.23 5.28 7.98 6.98 2.38 2.03 5.78 5.57 9.01 9.86 4.38 4.02 0.11 4.78 5.46 0.49 4.75 7.30 2.35 3.57 9.62 0.75 1.51 1.74 6.79 1.93 7.49 0.83 9.72 3.18 7.08 5.16 8.98 9.17 1.46 6.98 8.29 7.48 9.93 8.30 7.79 6.67 6.65 2.49 1.39 5.83 3.80 1.76 9.99 5.99 7.57 9.92 6.17 1.00 0.90 8.68 5.57 5.62 2.26 5.56 8.16 5.84 
7.36 2.93 9.18 4.74 1.58 1.66 7.34 8.28 9.75 0.46 0.78 7.28 5.39 9.23 0.72 2.38 9.27 3.09 7.29 10.00 2.55 4.84 1.27 5.12 9.98 8.53 3.11 4.21 5.96 3.28 4.58 4.70 8.69 5.52 6.35 0.55 4.69 2.11 4.59 0.90 7.26 8.64 1.77 7.64 2.89 3.52 9.63 0.05 2.50 2.65 8.77 0.91 8.99 3.22 8.05 7.23 4.80 2.61 4.80 5.04 9.57 6.40 0.68 6.11 4.32 2.13 0.19 4.36 9.05 5.75 3.51 2.59 3.01 8.94 0.39 8.46 0.57 7.25 0.18 1.59 0.97 3.64 5.59 6.71 3.16 5.18 8.20 7.91 8.43 5.21 5.62 4.04 7.73 9.17 6.66 0.97 8.31 3.98 0.18 2.24 
7.21 2.38 6.43 0.07 9.73 0.96 0.61 5.45 6.67 1.87 5.14 1.80 9.98 0.61 9.48 6.00 5.49 9.27 0.86 3.25 0.92 2.43 8.74 6.71 6.78 2.35 8.01 5.60 5.79 6.01 5.33 9.07 8.99 5.72 8.29 0.22 4.57 2.84 5.71 2.15 0.78 2.03 7.65 5.76 8.51 8.00 6.98 5.90 3.16 3.49 7.47 8.34 0.13 4.59 3.15 3.99 1.95 6.97 4.35 8.45 0.62 3.51 9.18 5.25 9.92 5.20 8.63 7.59 5.04 2.17 4.70 0.23 0.03 0.78 5.58 5.10 4.91 5.87 1.37 8.89 0.67 9.18 7.29 0.15 8.94 6.99 5.09 8.31 8.90 2.17 5.46 7.27 5.40 8.22 4.88 4.72 0.23 3.16 7.04 3.94 
3.54 7.99 5.18 2.40 2.12 1.32 5.33 7.51 7.51 7.87 7.28 3.26 3.45 2.70 8.87 4.83 3.42 4.29 8.58 4.57 4.42 2.24 9.23 2.14 8.93 9.41 5.63 9.29 9.32 2.33 6.79 4.59 5.50 8.70 7.67 2.83 0.08 0.42 0.30 4.41 5.13 6.43 3.05 2.53 9.47 0.10 2.22 4.48 7.20 3.29 9.78 1.23 1.50 7.64 6.80 9.05 5.98 4.49 5.15 4.24 0.73 8.80 1.91 6.70 6.22 0.95 6.31 0.07 3.76 8.45 8.88 1.70 2.39 0.24 5.73 8.51 3.81 9.44 6.92 8.24 6.95 9.13 0.37 6.37 3.55 5.20 9.69 9.14 4.47 4.46 3.46 0.20 2.61 5.16 2.45 4.57 1.30 4.53 1.09 7.59 
3.15 0.95 7.03 8.80 5.04 8.83 3.78 3.25 1.33 6.18 0.93 2.83 4.07 0.12 4.81 3.88 2.97 2.38 4.06 8.66 5.08 9.06 2.82 6.34 8.79 9.14 3.22 6.67 5.69 8.22 6.49 6.79 8.35 6.83 0.40 0.77 0.01 9.50 2.52 4.71 2.27 6.24 5.36 7.56 7.37 5.92 6.59 4.63 8.90 0.68 6.98 4.60 8.16 6.61 8.84 9.87 5.19 2.54 0.70 9.76 6.42 1.64 1.57 7.58 1.39 8.20 1.07 8.59 5.50 1.43 7.18 1.29 5.88 2.02 9.88 8.67 2.00 4.19 8.45 7.64 9.27 3.08 9.84 0.87 3.05 3.61 1.82 6.72 6.91 5.51 3.37 4.82 3.89 8.00 6.49 1.48 4.81 6.75 3.83 2.66 
5.82 1.96 8.73 0.07 7.09 6.24 4.15 8.15 9.50 0.86 1.45 6.40 2.12 0.66 3.76 0.32 4.85 9.09 3.28 8.67 0.71 1.16 0.31 9.93 6.89 2.97 0.48 2.31 1.89 1.78 7.00 4.45 6.21 0.21 7.39 3.89 1.11 8.60 9.92 1.92 3.91 8.67 8.10 5.14 1.13 3.27 2.13 7.25 3.46 8.63 2.65 1.67 8.06 5.60 3.16 5.05 6.17 4.38 6.30 9.35 3.77 4.80 2.91 1.25 2.49 2.86 8.80 2.23 1.14 0.37 9.00 2.44 9.09 9.38 4.33 0.15 0.45 9.31 5.18 5.74 0.12 3.14 9.23 0.42 3.65 8.26 6.36 3.74 1.67 7.96 6.06 8.04 8.25 5.74 2.85 9.15 0.60 7.10 7.89 0.83 
4.02 1.73 2.09 0.81 2.16 4.33 5.52 1.19 3.79 9.60 1.63 8.49 6.21 7.37 4.23 4.34 4.47 7.58 0.73 6.75 8.41 4.08 3.58 3.35 5.38 5.75 1.63 9.19 1.06 5.96 5.49 5.12 8.87 7.07 3.35 3.13 8.01 8.51 1.33 7.87 2.72 0.41 2.43 1.47 9.54 3.13 8.14 9.75 4.35 7.07 5.37 2.57 5.96 0.44 8.10 0.46 4.76 1.66 6.77 1.61 3.25 0.70 2.62 2.48 3.83 3.02 5.85 6.44 0.04 3.14 4.64 6.13 9.27 0.53 1.54 9.13 2.98 2.26 8.22 3.36 8.98 6.67 2.89 9.88 6.59 5.72 4.54 8.21 9.69 6.94 7.14 3.35 4.61 5.55 7.40 8.21 5.68 4.46 2.84 8.93 
1.93 1.69 9.29 9.72 7.81 7.47 8.82 5.33 0.43 4.28 1.14 2.08 6.55 4.55 2.92 6.88 7.03 9.21 5.10 9.95 2.96 4.35 6.27 3.62 9.74 9.61 9.78 0.37 7.62 3.29 9.82 9.68 5.66 4.38 1.85 1.71 1.08 7.70 9.93 4.88 5.27 3.81 5.93 4.07 8.76 4.18 9.02 2.58 8.85 1.47 7.37 6.94 9.50 5.16 5.21 2.71 4.34 1.00 8.87 8.35 9.88 5.08 2.39 2.74 0.55 6.18 2.32 1.11 5.65 6.14 8.35 0.84 6.11 2.74 2.04 6.08 7.46 1.77 3.78 5.00 2.53 0.91 3.90 9.35 0.74 9.94 9.88 8.95 9.07 8.24 8.00 0.25 8.53 8.56 5.05 0.65 8.48 3.24 8.76 9.44 
1.46 9.58 4.47 2.35 4.95 2.03 7.61 2.15 1.68 9.09 7.43 1.25 0.08 1.36 8.14 9.76 5.73 6.02 8.15 8.77 8.26 3.82 2.50 4.07 7.11 3.02 5.64 2.39 0.28 2.87 0.85 2.38 0.74 9.31 6.73 8.28 2.72 8.34 2.97 8.51 0.29 6.66 4.54 4.54 1.37 5.61 1.90 4.19 4.02 6.49 1.32 5.02 8.55 5.05 5.11 7.64 6.42 8.45 0.77 0.70 8.18 1.90 7.48 1.47 1.12 7.81 9.83 1.37 7.22 0.33 4.30 9.84 5.07 2.17 4.26 3.13 9.02 9.95 9.21 5.68 5.30 5.86 5.29 8.40 2.34 7.14 4.12 2.38 7.24 3.68 6.96 3.85 9.48 8.64 3.15 0.84 8.05 4.55 5.01 8.21 
8.42 9.72 2.49 1.75 9.32 9.42 8.72 6.16 7.00 4.68 1.65 5.42 0.80 7.21 6.24 7.04 1.20 3.40 9.28 5.86 1.05 7.19 2.64 6.84 6.22 3.18 8.45 3.96 1.46 5.90 7.43 9.74 6.17 2.00 2.21 4.62 7.02 2.47 4.84 1.40 7.81 5.58 0.12 6.41 1.45 6.12 5.88 9.31 4.11 7.83 0.24 8.09 3.83 5.94 5.97 6.93 6.14 1.25 9.36 5.46 1.61 4.14 5.59 7.48 5.23 1.98 6.16 3.68 7.43 0.27 4.42 9.94 3.28 1.37 8.04 4.67 7.78 6.01 1.35 4.69 5.62 4.79 2.83 6.65 7.76 6.98 3.49 8.72 9.67 6.58 0.65 2.95 9.34 0.54 7.81 0.48 2.78 9.02 9.54 0.38 
0.21 6.48 7.57 2.75 4.09 2.12 1.03 2.94 6.61 0.24 4.54 7.91 8.85 0.98 8.01 5.59 6.03 6.87 4.55 3.50 8.09 6.65 8.03 3.93 5.42 7.59 0.82 7.77 3.22 6.90 9.66 0.09 6.14 9.81 4.45 4.21 2.78 3.70 7.97 1.99 9.49 5.68 6.16 1.21 8.40 4.66 8.41 3.15 5.61 4.03 6.60 8.11 7.80 6.96 4.45 2.71 4.28 5.32 5.38 1.67 5.44 3.57 5.81 1.07 8.17 9.62 0.31 7.49 5.56 3.15 8.60 4.45 7.82 3.01 9.20 9.72 8.17 7.00 7.73 3.19 3.01 8.90 6.30 8.20 5.72 8.84 5.16 2.35 6.95 6.67 4.03 6.60 7.36 5.53 4.33 9.69 8.19 1.85 8.92 6.91 
7.62 0.01 2.47 6.10 9.89 8.51 7.14 5.11 9.00 0.73 7.70 5.52 8.09 6.94 1.42 0.84 0.91 5.58 6.86 6.66 8.24 7.03 5.81 8.68 2.97 1.92 3.76 6.97 4.10 0.38 9.22 2.13 7.11 8.72 4.42 9.85 4.50 2.50 1.55 2.27 1.23 1.07 7.80 9.91 0.87 9.54 8.58 1.65 7.16 2.24 5.71 7.26 3.18 2.86 3.14 0.88 6.71 3.42 5.35 1.45 2.57 8.69 0.40 9.38 2.80 6.88 1.41 7.12 6.48 9.42 4.43 4.29 7.15 3.73 2.67 8.97 6.30 7.69 1.83 1.25 1.87 3.73 9.32 0.66 7.80 4.38 5.76 8.95 0.15 0.81 3.63 3.27 2.16 6.86 0.19 4.47 0.32 4.59 5.90 1.80 
8.88 4.41 9.97 0.49 8.33 5.29 2.19 4.78 2.10 3.58 7.00 6.19 5.99 6.55 7.67 0.35 9.01 7.40 6.68 2.90 6.23 8.26 2.27 4.60 2.07 8.97 1.56 2.76 2.04 9.66 0.61 1.82 6.94 1.61 1.01 2.70 2.77 0.72 9.28 4.31 4.59 5.05 6.91 9.21 0.05 8.84 7.99 8.97 8.93 9.27 5.27 9.26 5.70 6.40 0.05 1.32 1.28 5.82 2.68 1.15 5.61 3.92 9.71 3.14 8.83 8.97 4.96 4.64 7.06 3.14 0.40 8.66 7.47 7.79 2.41 4.04 1.46 4.07 8.56 5.51 8.30 3.82 2.38 8.90 1.06 0.05 2.12 1.03 3.33 8.01 5.24 6.77 6.09 5.40 1.52 1.37 8.18 4.70 4.38 9.49 
8.30 0.86 3.70 1.03 8.74 0.55 4.19 9.50 7.77 3.06 6.50 2.54 4.25 0.58 2.54 5.55 2.83 5.70 1.37 2.29 1.45 4.33 6.09 7.81 6.78 1.54 7.62 5.92 3.24 0.32 7.09 0.66 0.96 6.55 9.95 8.54 0.46 8.07 0.44 8.07 1.19 9.59 4.46 8.48 7.32 2.90 8.23 0.05 3.25 3.75 5.04 0.22 9.38 0.59 7.14 1.08 3.59 8.37 3.38 1.60 8.00 5.33 0.81 0.66 3.64 3.74 1.05 2.81 6.67 6.93 5.37 3.85 9.23 4.39 1.29 9.92 2.70 0.38 1.23 5.13 2.27 0.44 1.52 3.35 2.52 3.73 8.67 1.62 8.13 0.66 4.99 2.89 9.86 8.41 7.46 3.14 0.65 5.45 1.35 4.34 
4.20 9.23 3.45 4.97 6.38 2.71 1.59 8.97 0.77 0.21 6.03 6.01 1.04 4.49 2.33 6.71 4.71 6.31 0.90 9.14 4.37 8.02 7.88 5.68 9.20 0.33 1.95 3.18 3.55 0.14 6.58 5.65 1.57 9.09 4.60 5.36 2.03 0.26 9.34 0.64 1.85 2.74 0.31 1.50 7.73 3.52 4.33 6.34 5.49 6.31 8.88 6.40 3.98 2.07 1.64 1.51 5.67 3.35 0.60 0.64 7.48 9.79 5.55 8.25 0.87 7.10 5.07 1.00 9.48 2.72 0.29 5.27 0.25 6.11 7.48 0.93 0.66 5.17 7.07 9.96 2.81 7.38 5.75 4.52 5.27 9.45 6.31 9.45 6.18 2.33 4.07 1.72 7.48 5.32 9.44 8.36 7.60 7.51 9.24 5.48 
1.07 3.66 8.49 1.02 2.57 4.95 6.35 1.60 3.98 7.92 0.39 8.99 6.33 4.32 9.27 0.18 0.80 5.93 5.23 0.42 9.74 2.33 9.93 3.67 9.64 4.11 3.93 6.48 3.63 3.31 7.19 0.15 4.46 5.96 1.58 1.36 5.23 8.27 2.74 2.00 0.55 6.69 7.19 6.85 6.19 8.99 6.66 9.74 8.54 6.40 9.22 9.11 4.02 7.92 9.73 7.71 2.06 4.84 8.88 5.65 8.05 4.21 3.09 3.46 5.03 1.72 0.19 2.62 6.31 1.31 8.33 5.62 7.34 8.11 6.40 8.55 2.27 1.55 2.83 5.30 1.78 5.94 7.24 8.43 8.63 8.99 5.70 5.02 0.85 4.53 0.78 3.60 1.08 2.41 9.44 4.91 9.44 5.62 6.18 6.57 
6.58 6.66 1.45 0.46 8.14 0.58 1.12 6.58 8.99 2.06 6.89 7.63 2.58 6.74 8.56 1.47 0.18 8.26 1.97 1.03 5.89 2.81 2.93 3.66 6.02 1.23 2.13 8.31 5.30 6.81 4.84 3.06 4.84 9.35 4.98 9.23 8.69 3.97 7.01 8.03 0.59 7.41 1.93 1.03 3.90 6.11 1.30 6.04 4.16 5.30 5.42 2.72 1.50 8.37 8.23 9.38 4.13 1.62 1.25 9.46 1.96 4.17 6.07 7.65 2.51 1.09 6.36 5.12 9.16 4.17 5.83 8.09 1.96 8.63 3.21 5.13 5.34 0.41 2.40 6.71 8.49 2.23 1.03 4.19 7.01 2.71 9.71 8.06 7.60 1.52 2.83 3.29 7.47 0.18 9.49 9.37 2.45 8.64 4.59 8.39 
9.01 7.21 9.18 4.81 9.93 3.52 9.62 8.59 7.51 9.96 4.14 9.42 3.88 5.96 6.83 5.38 2.24 6.09 3.76 8.01 5.45 3.02 6.29 5.37 6.64 8.15 8.49 3.41 7.08 1.20 9.37 8.41 9.33 8.27 7.46 0.05 0.07 9.66 3.47 9.68 0.09 9.95 2.01 3.61 5.88 2.07 3.48 8.92 2.76 0.67 1.05 4.58 7.52 2.44 2.83 2.85 5.26 8.01 8.20 3.93 0.71 2.02 7.28 6.61 7.38 0.28 8.99 1.89 4.06 2.75 3.57 8.81 8.42 2.28 9.02 6.89 3.83 5.28 3.29 0.16 0.17 5.94 0.15 0.00 1.40 8.21 9.51 9.82 5.41 5.55 2.48 1.85 1.18 8.96 0.06 4.87 8.70 7.33 4.38 3.20 
2.50 5.33 6.73 7.99 3.82 3.44 1.56 7.29 1.41 1.50 3.96 5.38 2.16 1.28 8.81 2.05 7.37 1.66 4.25 2.09 6.98 0.08 4.77 2.75 5.70 9.35 9.88 4.73 1.49 7.78 1.02 1.54 8.25 0.80 2.42 2.15 2.48 3.31 1.58 7.96 4.00 6.53 1.76 3.11 7.48 0.90 7.98 6.42 6.43 5.58 6.61 6.34 0.22 5.67 7.95 9.75 6.02 3.71 6.80 2.20 8.38 2.09 2.83 5.36 5.25 7.88 5.91 7.44 8.01 9.98 0.28 9.50 7.90 6.33 9.36 3.74 0.83 5.84 3.51 7.98 6.22 5.67 9.39 8.74 4.51 0.79 8.07 6.44 7.77 3.80 3.20 3.21 0.68 0.39 0.18 1.47 7.96 0.30 4.64 1.36 
2.63 5.51 8.28 4.77 6.11 3.89 3.21 2.10 2.58 8.31 0.55 5.74 0.04 9.91 6.08 7.96 8.22 1.47 7.14 4.84 9.13 9.62 0.31 4.79 9.83 4.76 5.00 8.83 6.14 6.95 2.91 9.90 1.98 7.70 7.12 1.28 6.06 7.68 5.49 8.41 8.38 3.19 5.62 6.63 3.83 0.65 9.05 7.60 4.70 2.86 9.76 3.47 3.72 0.58 1.85 6.86 1.45 1.27 6.07 3.55 0.26 7.34 9.94 6.50 8.53 2.80 7.33 6.10 4.00 6.78 5.60 2.22 3.72 1.84 1.40 3.12 6.17 4.65 3.67 3.01 9.46 4.40 8.74 0.35 2.80 5.77 9.69 9.72 6.59 6.69 9.59 0.31 2.38 7.38 6.21 8.03 8.73 4.21 7.87 8.29 
1.11 7.52 6.28 4.64 8.28 2.99 9.22 9.53 6.30 5.96 3.20 7.55 3.38 3.33 4.66 6.12 1.61 8.25 6.58 2.16 5.47 5.00 9.81 4.95 7.54 0.58 3.14 2.58 8.62 2.21 2.05 3.90 6.51 6.78 9.26 3.66 5.20 6.06 4.24 2.23 5.13 6.60 9.43 3.25 7.15 1.78 4.36 2.18 5.12 8.59 1.01 5.31 8.58 8.53 4.97 3.38 0.62 9.53 1.05 4.20 3.26 9.58 4.87 8.49 1.85 6.85 5.48 7.67 0.26 1.50 8.29 8.56 4.27 0.12 4.29 0.93 1.78 2.26 3.43 8.84 7.93 2.39 9.06 7.04 0.11 8.97 3.38 1.83 3.82 2.79 0.52 9.60 4.66 8.22 6.83 2.23 2.82 6.97 4.89 2.14 
5.93 3.51 5.46 9.56 8.05 3.06 7.16 4.64 0.30 6.66 7.58 8.52 3.45 6.92 8.39 2.14 8.86 2.91 4.72 3.35 9.49 2.10 1.99 1.72 3.41 1.82 9.14 2.43 2.29 6.35 0.83 4.42 5.24 9.88 5.36 1.50 3.58 9.17 3.01 5.60 5.52 3.76 7.96 9.06 7.37 1.95 9.23 3.09 1.44 7.31 1.49 5.57 3.61 4.95 8.73 5.19 8.89 9.40 5.48 8.78 0.30 3.88 3.96 1.78 0.64 4.17 9.07 1.20 3.77 1.58 6.44 0.52 8.98 0.14 5.49 1.93 0.38 9.51 7.53 6.55 2.91 9.56 5.75 4.79 4.66 7.49 8.10 8.78 3.17 4.89 5.04 5.96 5.77 9.46 0.77 7.58 2.66 4.99 2.79 0.09 
8.43 7.71 6.47 9.32 6.01 9.65 9.07 0.63 5.07 7.96 5.07 0.43 9.77 7.32 5.92 1.37 3.12 2.81 6.16 9.66 3.53 7.67 2.18 8.90 4.93 1.82 1.67 0.54 3.48 7.58 4.19 2.16 8.28 2.14 7.15 7.32 1.96 6.26 2.74 4.00 2.24 4.99 1.78 6.72 0.36 3.05 8.90 1.37 6.37 9.57 0.55 4.71 8.54 9.12 7.42 5.50 1.58 8.07 3.62 2.32 0.41 2.65 6.46 0.59 7.08 2.28 9.04 6.77 4.47 5.51 6.82 9.66 1.31 4.81 4.97 4.91 7.64 8.33 2.33 9.50 4.15 5.95 6.79 3.60 2.90 0.05 4.90 2.00 4.07 9.78 2.38 8.08 4.19 7.33 5.01 8.21 6.66 1.85 6.44 2.83 
6.99 9.31 8.01 2.44 0.10 4.42 0.75 1.14 9.31 2.87 2.02 8.35 9.51 4.03 2.75 8.89 5.81 4.23 1.32 5.76 4.04 0.65 9.27 5.40 7.23 3.47 1.97 6.81 0.02 7.33 5.53 8.98 8.33 9.33 3.32 2.88 8.79 4.00 2.48 7.92 0.37 3.20 9.65 8.94 0.30 9.39 6.60 7.97 8.02 2.83 1.27 0.66 1.91 0.83 7.54 6.17 6.72 8.10 3.26 0.14 7.45 2.13 8.24 6.83 3.44 3.75 3.12 0.72 3.22 6.32 1.30 9.65 3.03 6.18 5.59 7.51 6.13 1.20 2.97 2.00 2.47 4.82 4.07 0.01 4.14 2.82 3.34 6.84 7.58 1.13 3.43 5.73 0.61 3.70 7.01 5.31 0.23 2.59 7.98 8.51 
2.34 0.40 3.69 8.65 9.04 2.17 1.93 3.61 5.84 7.60 2.44 6.68 3.64 8.38 6.99 2.02 7.26 3.98 6.16 1.62 0.38 5.25 3.18 0.56 9.64 8.44 5.29 4.36 7.57 6.47 4.53 0.18 5.06 4.11 1.16 6.99 9.31 2.92 0.77 4.53 0.52 1.39 9.46 9.95 0.45 8.29 9.98 2.79 3.63 0.59 3.94 4.06 9.05 3.13 4.60 5.46 8.30 9.50 8.98 7.91 9.43 3.85 5.29 9.67 1.18 1.01 6.99 8.88 6.05 9.28 2.63 0.97 6.97 1.15 3.39 1.68 7.85 4.29 6.77 1.85 3.97 8.59 7.71 1.63 3.51 6.79 9.01 3.28 2.05 2.43 3.59 1.40 0.15 1.75 7.36 4.64 1.77 6.18 4.99 8.80 
2.16 3.50 0.07 8.99 6.75 2.66 8.10 0.16 2.01 5.39 7.50 5.21 1.65 5.89 0.79 8.55 2.22 4.16 2.66 5.90 4.27 3.62 2.21 8.66 5.81 4.91 5.13 0.18 3.63 6.23 5.42 0.25 3.10 1.35 1.53 3.30 5.64 5.70 4.66 0.57 4.16 5.18 7.72 1.00 3.75 1.24 7.59 1.74 9.56 7.98 4.94 5.02 5.28 6.68 9.44 3.14 6.76 8.52 1.93 7.54 3.16 8.38 2.91 0.17 6.09 8.94 0.35 6.76 8.71 1.19 2.52 0.39 8.06 3.14 8.88 2.62 3.84 4.77 6.94 4.99 3.11 1.81 4.43 1.72 9.62 1.63 5.93 8.68 6.29 9.33 5.55 2.98 4.36 3.61 1.47 4.03 1.73 9.29 4.02 1.29 
5.82 3.66 3.94 6.65 6.09 6.88 5.26 4.42 1.55 5.11 5.05 6.20 5.81 8.35 7.57 9.80 6.11 1.90 8.94 4.60 0.41 0.28 2.82 1.55 6.20 9.01 1.60 6.62 2.93 3.58 8.52 4.93 2.67 4.10 6.72 0.14 8.98 0.36 2.31 4.93 3.91 8.04 2.97 2.91 8.02 4.92 5.06 7.96 6.06 4.27 3.59 0.24 3.80 3.61 8.02 1.00 4.14 4.11 4.40 3.41 6.33 2.14 2.99 0.30 2.34 8.17 0.30 1.54 4.20 3.14 1.51 2.63 3.41 1.88 3.66 0.87 4.44 1.23 0.92 5.69 4.44 6.59 9.99 3.92 6.81 7.42 0.36 0.67 0.99 6.39 7.84 7.67 1.01 0.20 9.53 9.27 2.32 4.74 0.18 4.42 
7.94 5.58 6.59 9.28 7.83 4.34 3.65 0.87 0.94 4.33 9.28 8.05 9.04 8.37 1.15 1.27 8.74 0.74 5.26 0.49 2.03 0.86 0.04 8.23 9.65 3.36 3.16 8.99 2.14 9.75 5.57 0.24 5.74 4.94 6.24 5.74 6.84 6.10 4.21 8.65 6.23 5.80 3.86 4.14 2.69 9.25 6.76 8.05 2.05 2.07 4.70 4.89 9.28 8.78 4.61 2.86 7.01 7.73 7.06 4.14 6.33 0.54 5.51 0.13 6.76 7.60 8.28 5.36 0.36 5.86 7.15 3.06 3.46 6.20 5.12 4.41 3.45 0.28 7.77 2.30 2.92 6.35 1.47 6.92 0.18 0.42 3.13 2.34 0.85 9.86 7.92 0.52 8.11 5.34 8.19 8.74 6.68 2.12 0.23 9.92 
3.66 2.09 0.16 7.34 6.67 1.66 0.12 1.78 7.78 3.10 6.75 0.96 2.78 5.48 2.33 7.27 5.40 6.97 9.61 0.24 0.19 1.37 6.56 4.91 8.39 3.32 8.60 4.87 4.22 8.40 1.38 3.09 4.23 6.39 6.73 8.51 7.14 7.79 0.10 1.48 1.80 1.89 9.14 5.90 6.05 7.26 5.17 3.36 1.01 6.54 2.11 3.29 5.97 3.32 8.67 6.21 5.38 9.84 9.60 4.11 6.30 7.69 1.23 6.41 5.39 3.32 5.61 0.06 4.60 5.80 0.72 4.75 5.49 3.26 0.25 4.34 8.97 7.84 5.10 3.57 9.81 9.25 6.34 7.45 9.13 5.29 0.85 2.92 9.74 2.13 1.18 8.31 6.87 8.67 9.46 2.89 1.69 2.02 4.91 2.68 
8.39 5.76 9.99 1.28 4.90 8.97 3.15 8.69 4.63 2.63 4.45 1.31 7.00 6.43 6.44 4.65 0.98 4.18 6.69 1.79 0.11 0.26 3.14 7.07 4.30 4.49 2.31 3.02 1.07 4.27 5.69 8.18 3.39 2.21 8.96 5.47 7.42 6.44 2.33 0.83 9.05 0.68 1.78 4.38 5.04 8.93 7.69 5.19 1.05 7.78 8.24 2.90 4.27 8.55 6.02 6.00 2.43 5.75 0.35 8.44 8.68 4.25 0.19 1.63 5.92 6.92 0.00 1.46 4.99 2.21 8.20 5.78 3.46 7.54 4.76 4.11 2.86 9.50 6.43 0.78 7.28 8.02 7.47 5.97 0.77 2.22 5.40 7.08 0.32 4.49 2.81 8.08 7.64 4.85 9.55 6.64 4.53 3.89 7.89 1.96 
0.39 3.16 7.39 9.75 7.68 1.66 2.06 9.74 4.20 4.33 1.96 3.29 3.56 8.94 3.10 2.91 6.03 4.51 4.50 5.72 5.53 4.13 3.26 1.89 1.39 5.62 6.20 8.72 0.57 1.59 8.52 5.87 1.46 0.64 3.93 7.72 9.60 9.11 9.17 2.75 0.33 8.64 5.55 4.10 9.74 4.47 7.54 1.74 1.99 9.05 0.09 9.94 6.09 0.45 1.75 7.01 2.84 7.28 5.75 1.95 3.80 7.41 0.31 9.66 8.39 2.42 6.14 5.27 5.90 1.98 3.12 6.24 1.95 1.35 1.47 9.20 8.91 0.80 8.99 6.75 9.27 2.64 6.76 6.31 6.10 8.42 8.46 1.64 5.39 7.87 3.45 3.68 7.73 9.34 3.34 7.61 9.01 7.53 4.48 9.98 
8.78 5.08 1.21 4.34 5.38 3.95 5.21 4.86 7.20 8.64 3.84 9.96 0.81 3.37 4.45 7.88 9.96 0.19 3.70 1.26 0.51 5.45 0.26 2.51 9.94 9.91 1.18 5.73 7.01 8.91 5.08 7.14 3.89 6.21 8.63 6.67 8.00 8.39 3.59 9.05 0.78 0.03 4.19 8.90 1.03 9.08 4.35 9.02 0.20 8.83 9.44 2.55 7.27 2.51 3.45 4.31 2.24 7.29 0.36 4.59 8.31 8.92 4.22 4.92 4.38 4.92 0.09 2.87 7.96 9.05 2.12 3.44 5.48 5.04 5.58 5.60 5.51 1.16 8.09 2.13 4.00 3.30 7.23 9.78 8.48 6.83 6.82 1.55 5.73 8.68 2.62 5.84 0.31 2.73 8.53 3.93 6.10 4.65 0.31 2.09 
3.10 3.93 4.31 1.14 3.53 3.09 9.89 1.97 6.15 8.77 5.30 1.34 3.30 9.16 7.58 8.72 8.69 4.06 5.43 0.64 5.76 0.91 4.80 7.58 9.20 4.50 6.04 6.23 8.90 3.46 8.54 2.64 4.22 9.79 8.09 5.08 2.93 4.00 8.52 6.38 6.88 8.31 4.40 8.03 3.57 0.40 5.80 3.11 8.92 6.84 9.95 2.54 1.69 3.21 1.41 3.50 0.30 1.53 3.11 8.70 9.05 8.16 1.94 6.51 7.50 6.52 4.33 2.01 3.98 3.87 0.69 6.60 4.84 3.32 1.81 3.34 6.18 7.24 9.27 8.69 3.08 5.57 5.55 1.51 6.68 7.30 4.95 0.78 6.34 1.09 2.07 5.90 7.88 6.95 3.03 4.12 1.27 5.52 2.34 7.21 
8.40 0.55 1.91 3.98 2.06 9.71 4.41 2.58 9.42 4.82 1.16 9.76 1.24 5.74 0.37 7.04 2.19 9.67 8.91 1.86 8.83 5.27 4.78 7.25 1.44 5.54 5.92 3.96 1.97 7.27 7.59 4.90 5.67 3.92 7.77 3.93 2.71 1.32 0.34 6.50 3.19 7.97 5.59 3.24 4.64 6.85 8.56 3.84 2.52 1.02 8.39 4.87 7.39 8.56 6.94 3.71 6.39 1.71 6.62 2.33 4.40 2.89 6.31 9.19 1.82 5.88 7.75 7.71 0.79 0.85 3.15 4.58 2.25 6.87 9.27 5.30 7.39 8.01 2.91 5.15 4.10 8.03 3.57 8.00 2.06 3.38 8.29 8.80 6.93 3.40 2.26 8.13 1.25 4.91 2.36 0.84 5.62 5.06 4.43 0.50 
3.36 1.14 4.23 5.08 3.14 8.75 4.50 5.56 0.04 5.04 2.00 4.14 4.78 2.31 0.68 2.54 3.69 8.33 3.54 9.14 7.97 5.20 4.21 7.66 6.83 2.05 0.98 4.58 7.14 1.24 2.69 0.71 4.25 1.82 8.58 7.18 9.78 0.53 8.71 3.78 9.78 4.25 6.98 8.41 7.93 1.54 5.87 9.77 7.31 4.46 9.22 9.24 9.31 8.45 0.18 4.49 0.09 3.22 4.79 2.14 3.64 4.54 4.24 5.68 3.36 6.27 8.87 9.89 2.60 7.47 5.42 4.09 2.51 7.78 2.89 2.78 6.41 7.93 6.60 6.60 3.44 4.25 1.26 5.88 6.07 9.63 0.29 9.31 1.92 5.45 6.69 5.94 7.92 4.33 2.33 8.58 6.33 3.96 2.89 2.98 
6.38 2.73 1.59 1.78 1.60 5.55 9.51 5.15 1.49 8.80 5.83 5.06 2.55 8.51 8.47 6.79 0.19 2.42 2.06 4.90 1.67 1.12 4.98 8.43 4.02 2.78 1.58 1.64 9.87 3.14 9.26 4.72 1.71 2.99 6.48 7.66 8.43 8.83 6.91 0.57 1.61 4.46 3.88 0.49 7.35 6.11 6.76 8.78 8.04 8.07 9.30 1.09 7.94 9.09 5.44 2.11 5.30 8.27 8.12 0.64 7.45 8.88 6.46 1.62 5.08 5.02 6.93 4.88 9.70 0.38 0.38 8.46 6.01 8.29 2.94 3.62 8.29 1.57 9.26 0.28 9.24 9.38 0.05 4.75 8.64 5.13 5.54 5.19 9.89 3.43 4.79 5.74 0.65 1.45 0.22 5.08 2.57 8.14 4.10 3.33 
6.45 6.22 0.11 7.95 8.29 4.06 9.38 1.36 6.84 5.52 7.20 3.30 1.55 3.05 8.35 9.85 5.29 6.27 5.72 7.95 8.56 2.96 6.67 3.54 0.85 0.06 4.18 9.87 2.22 7.84 6.61 6.62 9.93 3.97 0.34 6.51 4.80 5.43 8.64 1.39 2.01 2.96 6.64 9.81 6.89 5.60 5.06 2.55 6.57 4.41 2.67 4.73 9.92 6.13 1.71 5.48 6.61 6.97 8.93 9.63 0.01 5.16 5.20 6.55 9.11 2.85 3.09 6.59 2.94 2.76 7.89 5.62 4.68 4.43 6.00 7.49 3.56 7.67 2.53 6.31 6.21 3.87 9.81 6.63 8.07 9.05 1.60 7.48 1.38 6.90 4.33 4.21 4.48 7.24 3.76 0.09 5.05 0.20 1.49 5.54 
4.37 2.08 1.32 7.28 5.09 4.98 9.47 9.98 9.50 1.90 8.29 2.07 9.97 8.23 9.70 9.79 7.59 1.62 7.82 5.93 6.87 6.87 0.13 3.95 4.95 3.70 1.84 3.97 6.95 9.67 7.66 3.61 8.03 1.30 3.25 6.99 8.22 6.04 1.11 6.43 1.78 9.19 2.68 8.43 7.08 1.09 3.62 4.43 0.89 4.30 7.89 4.88 6.81 1.32 9.99 5.90 8.47 4.10 3.64 1.80 5.03 5.98 0.19 5.19 8.10 8.64 3.76 2.47 2.24 5.08 4.95 5.60 7.12 8.51 5.31 6.94 0.75 6.04 3.17 9.50 3.00 9.44 6.82 9.65 6.31 7.58 3.71 6.91 0.24 1.31 8.37 8.66 5.11 1.28 6.10 8.17 1.87 8.34 2.15 7.09 
5.00 8.22 5.74 9.23 8.62 5.15 5.68 7.32 3.09 0.71 8.97 8.00 8.72 2.53 8.73 1.57 1.64 6.80 2.89 8.63 2.84 5.87 7.11 8.29 9.97 8.14 2.51 6.44 2.37 8.52 3.09 2.24 3.40 0.56 5.62 9.93 3.63 2.43 2.53 7.81 9.20 9.91 1.40 7.95 7.12 8.05 3.72 9.15 5.60 5.05 4.82 9.49 8.95 6.37 1.10 7.83 2.47 4.09 2.76 0.64 1.05 6.33 0.33 8.44 0.96 9.51 1.60 8.44 7.66 1.95 7.26 5.53 5.53 2.88 8.43 4.10 8.46 5.05 4.86 0.46 3.36 9.98 9.79 8.53 2.81 0.77 6.48 5.04 5.41 2.82 2.17 1.97 5.20 5.26 3.31 0.26 8.19 5.81 8.82 5.34 
9.52 7.25 6.28 1.90 7.51 9.60 5.53 5.18 8.52 7.55 0.44 1.80 3.78 7.62 6.56 6.15 5.23 3.65 0.46 3.11 3.21 6.93 8.33 4.26 5.32 9.76 1.27 0.06 1.12 7.54 4.69 2.08 2.56 5.98 7.23 8.02 1.47 1.32 2.62 1.93 5.21 4.54 6.40 7.72 1.30 4.72 1.37 6.81 7.30 4.56 3.95 8.00 0.23 7.34 0.99 9.12 7.38 2.00 0.22 5.43 2.80 1.93 8.76 6.56 7.02 5.55 4.30 5.20 5.74 0.04 3.11 0.73 2.69 4.81 3.92 7.26 3.27 1.31 5.04 8.62 7.66 2.22 5.65 3.29 0.97 4.21 6.48 9.31 4.94 5.95 7.45 5.52 2.74 9.99 3.53 8.03 8.56 7.22 7.30 5.45 
6.07 2.17 0.03 7.89 7.78 1.47 7.24 1.49 7.87 8.68 3.60 4.84 8.48 9.75 2.51 7.59 6.97 4.59 1.78 5.24 6.16 3.57 8.89 1.12 9.45 9.02 0.96 6.41 7.86 3.72 9.83 7.03 0.29 1.32 4.16 9.66 3.80 1.16 6.69 7.40 7.46 7.67 7.04 2.29 5.02 5.93 1.78 9.53 5.44 1.53 3.06 9.69 0.65 8.35 4.05 3.48 0.97 8.00 9.91 1.06 6.43 5.32 1.34 0.07 7.23 5.13 9.34 2.83 6.74 3.06 1.84 3.02 2.44 2.37 1.60 1.71 3.85 7.31 9.34 5.18 4.74 9.92 3.86 5.60 1.32 1.00 3.67 7.04 8.32 0.79 9.29 3.96 3.46 9.34 8.11 7.17 4.90 1.25 9.72 1.06 
8.91 2.53 9.97 8.80 0.71 4.09 0.14 5.00 4.67 6.44 9.58 3.15 1.49 3.83 7.80 2.14 5.98 2.35 5.16 0.77 7.08 2.19 2.15 2.25 8.90 8.22 8.20 4.11 2.90 7.35 4.22 1.85 4.88 4.62 4.60 0.38 7.54 0.75 6.04 4.36 0.83 0.93 1.73 2.08 4.55 0.53 0.92 3.82 3.89 8.58 0.61 3.51 1.91 1.83 5.46 5.27 7.60 0.99 5.39 5.51 4.15 0.34 2.93 9.12 4.83 2.14 9.31 7.57 0.96 6.61 5.31 8.41 3.38 8.65 7.52 5.83 0.73 6.03 8.49 7.87 2.20 3.53 2.55 7.92 9.08 1.01 0.84 0.95 9.64 3.25 6.96 0.63 0.78 9.59 0.66 6.57 0.30 3.56 1.70 4.63 
7.74 7.30 2.03 0.14 3.85 3.73 5.48 1.06 7.19 7.33 1.51 4.72 7.24 3.39 2.45 8.31 2.04 7.25 1.01 6.62 1.70 0.65 0.52 4.12 9.42 9.31 2.57 6.59 7.31 5.63 2.60 6.88 4.74 5.26 2.11 1.83 0.62 8.70 6.47 2.42 5.69 6.15 7.68 6.68 5.70 8.48 6.83 7.24 4.93 1.79 7.11 9.28 4.71 0.76 4.72 6.89 0.56 5.02 6.79 9.90 1.87 5.71 5.43 8.52 0.90 0.54 0.43 1.89 3.90 7.49 5.82 0.30 3.56 9.35 1.98 9.77 0.72 7.36 6.12 5.92 9.22 4.91 1.83 0.21 2.45 8.54 8.94 1.92 7.39 9.10 9.18 0.84 2.84 8.79 0.75 6.84 4.69 1.89 6.23 8.56 
4.42 4.45 6.85 6.09 6.39 0.94 1.85 3.67 7.85 8.08 1.20 3.37 8.20 4.11 3.36 9.06 6.49 0.18 6.89 0.22 8.67 0.47 5.15 3.33 7.26 4.31 1.07 7.64 2.01 3.21 1.82 5.56 0.65 4.37 0.81 9.94 7.57 0.63 1.87 4.96 5.85 1.77 2.66 9.38 4.62 0.11 5.16 2.34 2.05 0.46 9.21 1.75 1.03 3.38 3.55 2.42 2.93 7.66 0.75 6.96 9.69 0.45 9.68 4.70 9.72 8.44 8.33 6.15 9.46 4.05 3.11 8.34 7.45 3.31 7.68 6.31 6.24 5.77 6.54 1.29 0.18 8.63 9.96 6.41 5.48 0.22 7.57 6.67 3.49 1.40 6.21 4.13 9.45 3.72 2.81 0.28 6.97 1.18 7.25 1.02 
1.46 9.56 1.92 1.21 4.92 4.34 9.72 4.58 4.44 2.78 9.08 4.19 0.92 7.66 2.09 0.04 3.09 3.57 7.84 6.01 0.84 1.23 1.25 1.05 7.34 9.86 3.40 0.54 9.13 3.40 1.95 8.27 9.74 6.63 3.41 6.25 5.58 3.49 5.81 7.04 0.85 1.27 3.87 8.09 2.72 2.06 6.81 0.54 5.09 2.22 2.44 0.39 9.91 1.71 2.61 2.84 3.79 0.31 4.92 0.93 6.09 6.06 9.07 7.01 3.72 0.82 4.44 7.27 2.15 8.75 6.56 7.07 6.89 7.20 4.54 4.97 2.89 9.17 2.01 8.89 2.06 6.35 9.12 4.01 0.87 6.61 0.69 4.68 9.04 9.33 2.38 4.34 6.36 0.18 4.77 7.23 4.41 0.46 1.20 3.18 
3.00 7.15 3.88 5.51 1.47 2.70 1.13 7.21 4.26 8.83 4.47 0.38 7.52 6.84 4.51 0.31 3.72 9.12 0.52 0.03 9.14 7.59 6.01 3.25 1.12 7.71 8.28 7.81 9.39 9.74 6.31 5.13 7.30 6.66 1.43 1.34 1.56 4.15 9.80 7.66 2.92 6.68 1.16 0.70 0.68 3.64 5.44 2.53 0.16 6.67 7.86 5.08 7.50 6.12 3.26 8.74 1.95 8.30 7.07 2.13 9.60 3.62 0.61 1.80 0.04 5.25 2.66 1.22 0.85 3.22 3.35 8.93 2.11 5.79 4.39 2.24 3.49 8.21 7.28 4.96 8.01 5.56 5.55 4.53 6.88 5.59 4.09 1.45 7.14 7.16 8.33 6.19 2.94 9.17 4.37 7.89 1.89 2.28 1.64 2.69 
1.38 5.67 7.51 7.24 7.27 1.88 5.98 5.29 6.93 5.15 4.41 9.92 2.88 0.23 5.02 3.62 6.87 5.95 4.54 9.51 1.67 8.84 1.98 4.20 9.50 8.61 3.19 0.76 9.03 7.01 1.59 6.30 3.21 3.04 8.14 5.58 7.18 6.93 5.28 9.37 1.59 7.87 7.72 5.30 2.27 2.39 8.02 1.47 2.00 1.39 3.74 8.25 5.80 1.97 0.06 6.84 3.67 8.89 3.40 0.19 7.76 9.41 5.99 1.46 7.04 2.21 4.17 1.37 6.26 6.33 6.23 9.53 7.49 3.37 4.22 7.83 7.07 4.72 3.50 0.70 5.20 5.75 9.11 6.95 7.31 0.00 7.63 6.97 7.94 2.95 2.06 6.40 9.12 8.18 7.54 1.04 4.93 7.78 1.39 3.46 
2.98 4.45 8.32 2.78 8.11 1.12 3.66 7.00 5.40 4.39 4.78 8.38 1.90 3.14 4.98 7.47 2.38 2.95 0.07 7.86 3.51 7.48 6.53 1.12 8.26 0.97 9.71 9.88 3.91 2.33 2.11 3.61 9.43 3.77 6.50 9.45 3.76 1.07 7.27 4.66 3.87 1.33 1.78 3.20 9.54 9.04 9.45 9.73 0.05 5.04 1.84 9.07 2.56 2.37 8.59 6.89 3.75 1.85 6.01 1.95 7.71 9.50 5.54 7.32 7.03 2.38 5.00 4.66 9.17 5.73 3.55 5.24 1.22 6.11 3.59 3.96 7.66 6.66 4.63 9.18 5.39 3.41 1.68 4.72 7.42 6.72 8.18 9.56 1.85 1.03 1.98 1.39 1.44 4.94 4.06 9.15 3.28 5.04 0.22 4.83 
0.33 1.34 6.16 1.68 9.31 2.70 6.09 4.39 3.47 3.70 5.20 1.17 6.24 2.74 9.25 9.45 1.37 6.42 1.63 8.85 0.50 1.73 4.85 2.32 4.27 0.11 0.31 7.35 4.83 2.68 7.38 4.21 5.56 3.20 8.81 1.98 6.51 0.81 9.92 9.19 7.89 4.48 0.21 7.21 8.62 0.87 8.26 6.78 6.25 8.44 9.53 2.17 8.31 9.38 5.88 2.41 5.13 3.94 0.08 3.02 1.44 5.37 6.27 6.40 5.94 0.05 2.32 1.48 8.54 3.08 3.50 6.40 7.16 2.34 3.33 8.16 5.76 0.42 0.98 5.12 1.88 6.59 9.16 6.53 3.46 7.94 0.48 5.27 6.47 7.31 5.99 8.59 6.32 3.82 0.86 6.03 9.88 2.56 8.63 5.72 
1.52 1.89 6.35 1.06 4.95 7.47 6.30 9.30 5.75 1.32 9.23 6.27 2.10 3.97 6.44 3.70 7.33 8.55 0.87 6.65 0.92 5.45 7.09 0.77 7.39 4.27 7.92 5.36 7.02 0.93 7.03 9.03 2.64 0.98 7.54 5.12 9.91 5.07 0.76 2.42 2.86 9.40 6.81 1.43 2.72 6.97 2.51 3.44 8.19 5.31 6.62 9.34 6.06 3.08 9.17 2.92 4.83 1.93 9.50 0.99 6.36 6.60 7.30 3.77 2.97 6.77 4.37 8.72 3.83 8.85 3.42 9.65 7.43 5.90 8.39 9.81 6.14 5.93 9.86 9.97 9.66 3.35 7.73 1.97 2.12 7.51 0.92 1.75 9.67 7.87 4.44 5.56 3.65 3.02 5.03 5.20 7.87 4.36 6.25 7.65 
5.21 4.87 9.47 4.38 9.47 2.97 9.81 4.75 7.74 7.36 3.03 6.53 9.06 4.14 5.50 6.50 7.77 4.56 0.97 3.55 8.55 4.37 3.76 9.58 3.04 0.60 3.98 7.06 9.59 3.35 8.74 2.19 3.40 0.80 9.41 4.00 0.83 0.16 4.87 2.38 9.05 2.73 8.84 3.19 0.75 2.94 6.07 9.60 8.83 2.27 0.70 4.74 9.59 3.78 5.08 8.13 8.02 0.69 0.52 2.78 7.43 8.28 2.83 2.21 8.26 5.40 4.13 9.53 1.03 6.87 3.53 7.78 2.63 8.94 1.28 2.79 9.16 3.55 1.60 2.72 5.06 7.56 7.85 1.92 4.45 5.83 0.83 7.80 6.54 3.67 5.08 7.38 0.12 8.89 4.36 3.52 0.24 3.52 3.32 7.26 
1.74 5.80 6.55 3.80 3.80 5.33 5.89 9.96 6.92 5.31 4.27 6.02 9.89 0.68 5.99 6.23 1.42 8.44 5.62 8.53 5.46 6.18 5.77 5.02 5.74 5.05 8.70 0.59 6.07 1.30 2.23 7.21 4.83 2.30 1.62 7.24 4.02 2.35 8.73 8.46 2.69 7.23 7.84 1.05 8.24 2.48 4.80 7.22 4.76 6.97 7.37 5.53 9.25 2.42 9.01 7.18 3.86 1.45 5.58 0.48 4.89 6.82 1.75 3.57 9.15 4.86 5.91 7.76 1.09 6.74 4.97 1.55 3.98 4.41 1.98 7.24 7.27 9.67 6.18 1.09 5.10 6.98 7.44 6.25 7.91 4.58 2.20 6.62 5.20 6.95 9.11 3.09 9.95 1.04 6.73 2.00 0.84 1.36 0.03 4.16 
1.10 8.40 1.96 0.63 9.84 1.71 4.32 7.16 5.18 2.75 1.13 8.33 5.95 5.47 4.80 7.38 9.14 7.30 3.55 1.83 3.63 3.78 8.05 2.73 0.71 4.15 7.76 8.90 2.35 6.48 8.50 3.32 7.13 3.83 1.93 6.92 8.37 9.59 5.08 5.59 3.01 1.92 2.55 5.81 1.45 5.56 8.99 6.88 9.88 1.34 3.90 7.31 5.47 1.34 1.21 5.91 0.60 2.22 1.15 7.52 5.04 5.02 1.63 6.60 9.71 1.14 9.29 1.44 4.21 7.21 9.54 7.38 4.45 5.80 8.72 8.27 0.12 9.68 7.13 6.07 1.93 1.29 5.63 4.39 1.34 9.78 3.10 0.52 5.14 9.22 2.26 6.10 0.46 6.13 3.82 8.84 4.06 1.72 7.42 8.04 
0.82 7.73 3.12 9.06 8.65 7.97 2.75 4.21 9.87 6.23 9.86 6.74 6.99 2.32 3.70 7.82 5.22 8.34 4.71 1.15 5.65 9.41 7.20 2.79 5.22 3.65 3.39 4.87 9.01 3.50 0.06 4.67 2.69 0.89 4.13 9.29 1.03 6.46 2.74 1.20 9.02 4.70 1.18 8.31 5.86 1.20 3.65 2.92 6.00 3.36 4.55 5.86 3.49 5.05 7.82 2.56 4.54 7.30 8.73 8.55 2.80 0.73 2.34 7.80 2.46 7.73 9.33 3.08 7.13 0.97 7.82 5.63 8.55 4.30 7.31 0.00 6.92 6.24 1.77 8.46 6.39 1.04 4.88 9.16 9.70 4.46 4.96 1.05 9.37 9.96 6.03 9.35 0.52 5.48 6.25 4.95 7.85 2.64 7.05 4.76 
4.45 2.99 4.95 1.84 0.45 1.00 9.40 3.13 8.90 1.45 2.29 0.20 4.20 9.90 8.07 6.23 5.28 5.51 5.13 0.23 2.20 5.79 3.35 1.49 8.39 5.67 5.80 0.45 3.51 7.55 3.09 4.83 7.25 3.85 1.65 5.67 7.18 8.15 5.29 8.31 2.88 9.73 6.66 0.08 1.01 8.08 8.23 3.54 6.88 9.34 5.43 1.11 6.46 4.48 6.19 0.64 9.76 4.71 6.69 9.36 2.81 3.39 4.31 5.49 9.48 5.45 9.41 7.45 7.27 5.49 5.14 2.81 8.53 0.25 9.86 6.06 3.18 0.15 3.01 0.69 3.02 9.49 1.83 8.24 4.61 6.37 9.49 3.05 7.88 7.79 5.55 4.47 4.38 3.79 4.87 0.06 0.56 9.04 3.04 9.39 
2.12 1.65 6.01 2.89 9.65 4.82 8.86 7.66 0.38 8.90 0.58 8.53 5.87 1.42 5.72 1.20 9.79 3.57 1.08 2.37 0.39 9.66 3.77 1.61 8.68 5.91 0.21 1.11 9.31 6.67 0.76 2.33 8.81 5.17 0.44 6.20 3.93 8.46 8.06 2.13 6.31 6.63 6.79 8.64 3.48 7.34 3.87 7.97 6.15 2.07 1.55 8.91 0.66 9.15 0.89 7.98 9.33 3.68 3.72 2.40 0.79 0.65 0.16 7.01 4.16 8.95 3.92 9.20 2.01 8.98 6.87 6.30 6.95 1.36 7.62 8.98 7.50 1.36 6.62 5.27 2.82 9.84 5.62 6.44 0.77 5.20 2.58 8.71 4.42 8.06 1.06 9.68 1.21 5.73 4.95 4.70 4.85 3.20 6.32 4.61 
0.74 0.77 4.32 9.10 1.12 2.59 1.69 0.97 1.52 0.06 9.44 0.68 6.45 5.86 9.91 1.58 1.35 9.50 8.15 6.62 2.63 9.67 7.25 5.14 5.81 9.19 7.55 2.17 8.69 1.86 2.28 3.98 5.77 7.58 5.78 9.74 8.47 1.93 8.06 2.73 4.76 3.36 2.79 1.87 7.48 5.18 2.14 0.70 3.11 0.79 2.66 0.06 9.25 8.60 1.38 0.80 4.73 3.84 2.51 6.24 2.06 7.51 5.53 0.17 8.30 9.50 6.65 6.54 9.80 3.37 4.22 3.72 6.41 0.79 5.32 7.55 4.96 4.91 6.86 9.37 5.16 5.67 8.60 3.98 7.15 6.43 4.08 5.56 1.99 8.74 5.67 2.58 8.41 9.71 2.17 4.97 1.22 8.95 8.30 1.42 
4.84 8.32 9.20 5.58 5.36 8.04 5.35 5.46 5.04 6.23 2.50 9.30 5.07 1.10 2.14 9.14 7.52 5.51 2.64 1.13 2.33 2.87 4.29 4.03 2.97 1.90 7.88 6.71 9.38 0.85 0.89 5.12 2.28 0.36 6.98 4.31 0.56 8.94 5.73 2.26 8.07 7.32 5.00 7.91 5.71 3.44 8.92 4.49 5.58 0.43 8.83 1.72 1.19 6.64 2.85 3.28 8.53 1.69 4.07 2.94 9.17 1.85 8.37 7.96 7.35 4.70 5.01 8.72 6.77 7.73 6.98 0.27 9.40 2.34 2.77 5.34 3.85 9.13 4.46 7.68 6.12 6.75 4.47 2.47 2.59 6.23 9.73 4.99 7.41 9.67 7.99 3.11 2.40 3.67 0.55 1.42 1.65 7.40 2.98 0.18 
0.89 6.72 3.76 6.16 8.68 1.32 8.16 4.10 5.46 1.94 4.10 8.80 3.99 1.94 9.58 1.78 0.12 5.74 9.79 2.32 4.50 1.72 1.82 6.35 9.36 5.52 7.18 5.23 0.44 9.31 6.75 8.65 3.78 4.30 9.63 6.60 2.95 6.06 0.37 6.16 2.84 1.86 7.55 2.25 4.37 3.54 8.38 2.31 5.86 2.34 7.59 2.87 6.49 9.70 5.59 9.21 6.19 0.69 9.15 5.22 2.27 9.70 2.50 9.99 2.58 8.24 5.20 5.75 8.24 7.01 4.78 2.65 8.49 0.53 2.93 1.73 8.04 9.59 7.83 5.83 2.34 9.05 6.61 9.01 2.19 5.77 9.21 8.48 1.50 2.15 1.75 6.83 5.99 4.66 6.06 9.60 8.55 9.47 4.55 9.70 
4.88 6.11 3.75 1.07 0.71 8.37 5.50 3.48 6.41 6.19 4.00 6.86 2.47 0.59 9.20 7.69 9.01 5.04 8.28 4.11 7.22 2.31 5.00 9.23 0.22 5.23 2.44 7.29 5.41 1.07 4.96 2.84 1.38 0.61 3.84 5.04 5.96 8.20 5.88 2.61 1.58 7.42 1.00 0.12 2.59 6.93 2.33 4.59 0.59 1.77 8.99 7.02 8.75 1.90 6.03 5.16 0.06 0.20 0.56 8.49 3.16 7.68 4.99 1.10 2.02 2.88 4.52 1.60 3.02 0.52 2.80 7.65 6.10 2.36 7.77 6.66 3.36 9.77 4.24 7.74 0.47 4.05 6.85 7.12 9.34 2.86 8.54 1.40 6.35 8.69 8.16 6.72 2.50 0.30 5.89 7.13 2.97 1.17 3.27 1.03 
3.86 5.41 5.58 8.22 7.81 4.43 7.37 3.94 3.81 6.83 6.84 5.49 7.04 1.91 4.43 6.21 3.71 0.44 4.39 4.92 2.18 7.45 1.93 2.35 4.64 1.35 1.29 2.42 2.16 6.39 2.15 4.24 6.32 6.00 0.98 0.88 4.40 7.87 4.18 4.58 3.28 9.03 8.97 3.99 4.48 3.97 3.03 1.06 5.99 9.34 2.14 9.68 1.82 7.86 7.82 2.68 1.69 5.14 0.23 1.27 7.68 9.80 0.85 2.67 3.47 8.53 9.76 8.17 2.93 6.57 3.58 8.92 6.48 5.47 5.44 8.99 4.93 7.51 3.30 1.43 6.87 8.93 7.76 9.13 7.10 7.71 6.52 8.25 2.54 8.72 8.52 1.73 9.89 6.76 1.09 5.71 4.80 4.05 7.79 5.77 
9.26 9.97 9.49 6.42 6.45 1.32 6.97 7.11 6.75 7.05 9.79 8.18 4.98 2.67 2.40 9.30 6.05 2.59 9.22 0.51 9.26 7.98 3.41 8.45 2.11 1.39 7.61 0.75 4.15 6.69 6.67 2.83 2.26 1.33 4.55 0.79 0.61 3.52 5.84 1.49 3.89 6.38 4.46 6.38 7.64 6.51 2.15 7.67 9.07 2.19 8.44 5.72 8.97 4.22 6.60 2.40 4.94 7.22 0.44 0.66 9.37 3.54 8.97 0.53 8.03 3.14 7.96 3.95 4.76 9.34 2.44 6.88 1.50 9.13 4.13 8.50 5.70 1.50 4.99 2.56 7.31 6.15 9.17 0.17 6.27 5.96 0.50 2.53 9.31 8.86 3.77 3.85 8.76 1.17 3.03 3.70 8.90 4.78 6.04 3.73 
0.12 2.80 7.63 9.16 2.50 2.69 6.86 2.62 7.81 5.38 9.72 8.32 8.60 4.72 5.15 1.70 1.14 1.21 2.93 4.39 2.99 9.56 6.12 1.92 9.27 3.65 2.33 0.67 2.36 7.40 0.53 0.45 8.40 3.96 5.89 4.20 0.47 0.76 2.32 0.68 8.83 8.42 1.98 1.08 5.68 9.17 5.32 2.44 7.36 5.02 5.02 0.58 5.91 9.86 7.10 9.77 1.46 7.30 4.45 6.31 4.87 1.07 9.52 7.17 9.79 6.01 4.32 1.22 3.50 9.27 1.07 1.76 7.56 8.23 2.36 0.23 1.76 6.85 5.56 7.96 6.43 7.39 7.53 8.17 8.99 2.11 5.50 3.29 6.19 6.95 4.55 3.12 5.55 9.08 6.09 8.81 9.08 5.24 2.45 5.50 
4.34 0.81 7.76 5.41 8.65 8.75 1.59 0.57 8.60 6.07 0.51 7.58 2.03 6.54 0.38 8.00 1.67 6.04 3.87 9.59 8.12 8.83 8.43 5.64 4.75 4.53 9.70 5.06 4.67 8.88 7.84 5.59 1.50 2.53 3.35 0.02 3.91 8.30 7.75 0.02 1.87 5.59 0.66 1.06 9.93 2.55 0.63 0.95 3.03 0.25 4.58 4.75 0.90 5.08 0.26 2.87 2.48 4.11 5.19 2.03 5.67 5.78 2.56 9.77 6.68 2.54 1.19 1.24 7.70 1.77 0.58 8.15 8.90 3.96 9.60 6.52 8.47 6.32 3.69 6.07 1.58 4.73 2.25 4.12 9.17 4.82 9.71 4.01 1.81 4.15 4.51 7.73 1.99 4.92 5.48 7.15 3.17 9.75 2.13 5.40 
1.74 1.88 7.89 0.24 3.85 3.50 6.53 4.72 4.49 8.93 2.85 5.62 8.65 9.34 7.68 0.18 2.32 6.86 3.82 2.18 2.00 3.82 6.21 6.33 2.40 6.76 5.30 7.96 0.45 2.24 3.50 3.01 4.06 4.52 9.00 2.09 5.27 4.06 8.85 4.54 9.81 6.24 2.20 2.08 0.42 3.21 8.20 2.90 4.94 9.01 8.29 1.49 6.68 0.66 7.52 6.18 5.63 2.55 9.50 8.44 9.95 9.00 7.09 7.27 7.27 3.30 0.24 0.43 0.96 1.44 0.04 4.81 3.23 4.02 7.78 2.03 3.64 0.23 9.50 7.67 9.15 8.94 3.47 2.14 1.80 3.23 4.17 6.67 9.50 6.32 4.06 4.98 6.89 0.32 1.03 2.65 1.08 8.03 7.57 4.07 
5.32 5.62 7.72 7.44 2.97 8.26 2.14 1.92 9.87 5.40 3.88 5.72 3.55 1.73 9.81 8.78 8.48 6.06 2.94 8.86 3.00 4.87 9.02 2.85 3.27 1.44 0.67 8.49 4.04 2.46 1.21 0.64 4.03 3.66 6.86 6.77 4.67 5.93 7.14 0.83 3.44 7.25 9.90 2.19 4.02 8.93 8.00 6.92 5.82 1.83 1.86 4.83 6.41 0.54 4.85 4.15 7.03 4.90 3.34 2.61 9.59 6.07 7.41 4.02 1.08 2.33 3.26 0.27 9.92 1.04 0.11 5.10 8.03 1.14 8.59 6.58 1.25 4.28 8.54 2.63 8.46 5.68 3.12 0.99 4.47 1.82 4.61 0.36 2.25 6.18 2.12 0.04 1.37 4.86 2.24 7.46 3.28 5.51 2.12 5.52 
0.21 1.14 8.36 9.85 6.88 8.64 0.97 0.89 0.03 1.02 5.99 0.32 4.14 6.90 3.64 9.95 7.44 6.87 7.02 4.15 5.61 7.94 3.48 1.69 2.69 6.44 2.45 7.32 7.03 1.24 6.92 8.44 1.50 9.01 6.94 2.44 1.59 7.85 2.13 0.20 5.30 5.79 2.77 3.72 6.12 2.68 8.45 6.39 5.32 4.85 5.24 5.74 3.87 7.66 3.98 8.13 5.40 4.04 8.41 2.51 2.58 3.59 3.44 7.89 4.20 4.88 4.78 2.87 4.60 9.60 6.71 0.83 9.92 4.14 7.46 5.01 5.39 9.26 1.60 1.59 9.93 0.09 6.54 8.53 7.55 3.82 0.79 3.40 2.92 4.73 4.16 4.61 0.59 4.18 3.94 1.46 3.72 3.89 4.11 6.05 
0.32 4.82 0.77 1.02 9.30 2.63 2.78 7.10 7.90 5.12 9.90 1.77 0.13 4.17 7.79 9.28 5.73 5.49 1.21 3.82 2.56 6.68 9.45 3.54 6.17 8.43 6.60 7.61 6.49 3.93 8.22 1.01 9.82 7.69 5.22 9.20 7.65 2.57 8.06 4.13 1.59 1.59 4.30 5.28 4.94 0.77 1.73 7.61 6.92 0.46 6.17 6.89 2.06 0.55 8.93 4.08 5.17 1.64 5.13 9.09 6.54 8.83 2.56 2.02 4.22 9.91 5.58 4.69 1.09 0.30 1.30 5.04 8.31 5.50 3.96 3.52 9.73 8.44 9.08 9.97 1.21 6.80 2.62 5.16 5.50 0.02 3.34 7.87 8.00 9.64 3.57 2.65 7.50 1.94 4.11 6.58 1.68 0.86 3.31 6.09 
2.51 9.11 5.79 5.43 5.62 9.22 8.02 0.62 0.42 6.19 1.51 2.99 8.37 2.92 9.89 0.25 3.32 6.31 7.84 6.22 5.68 9.27 1.28 0.02 5.20 4.96 4.12 5.43 3.05 8.78 3.42 2.06 3.10 7.78 6.37 2.46 3.52 2.80 0.10 7.04 0.63 6.92 0.34 1.25 7.22 1.09 4.98 1.77 1.68 1.94 2.34 8.48 3.42 3.57 3.15 5.22 5.71 7.27 9.15 9.35 1.10 7.92 3.70 9.74 5.76 0.66 0.16 7.98 1.02 3.41 0.43 1.78 6.89 3.78 6.16 4.49 1.08 9.48 1.84 6.42 6.08 8.48 8.99 1.12 6.50 6.69 9.97 3.10 3.97 0.44 5.39 7.97 8.44 6.63 0.27 5.67 5.19 4.44 6.89 4.83 
7.58 6.99 0.76 8.54 6.88 4.23 4.22 9.19 4.35 7.59 9.52 1.99 4.24 3.45 1.60 2.48 3.53 3.50 4.04 4.20 7.79 3.28 1.41 5.45 9.06 1.51 4.64 4.25 9.72 6.42 3.88 1.26 4.47 7.13 6.86 0.57 5.60 7.11 0.59 9.62 5.24 0.28 4.33 1.54 3.18 1.33 2.32 8.20 2.10 8.99 4.92 0.93 2.51 2.05 4.07 8.05 8.46 2.41 7.20 8.76 0.02 9.45 0.47 8.55 1.00 6.14 3.81 9.35 4.60 7.48 4.29 3.24 9.63 5.13 0.94 2.49 5.60 3.67 0.19 2.21 1.87 2.30 0.45 0.01 1.07 1.18 2.95 8.69 7.48 3.57 2.13 9.86 9.38 8.46 7.09 6.82 0.63 3.40 8.96 2.03 
9.21 4.30 0.06 5.55 1.01 8.41 7.38 5.84 0.57 3.24 6.92 8.54 9.95 0.60 7.85 6.16 4.62 9.25 7.88 3.33 4.70 5.57 8.76 6.74 0.94 3.60 3.90 3.89 1.95 5.89 7.54 2.70 8.79 6.03 7.08 9.38 1.68 4.45 9.01 0.38 3.35 7.38 4.66 8.68 3.74 7.58 0.18 2.13 8.64 5.35 4.99 4.38 2.52 3.36 4.47 5.67 6.52 4.91 3.97 2.47 9.56 6.01 6.00 2.44 4.97 9.00 8.45 3.55 9.93 3.50 6.47 6.98 9.61 5.38 0.84 9.63 6.10 1.74 2.82 0.04 9.56 0.79 5.92 5.87 1.86 5.26 3.87 1.21 2.32 3.73 6.09 0.34 9.84 1.53 8.09 3.09 2.86 3.67 6.51 5.93 
8.47 3.09 2.53 7.85 8.80 5.01 5.13 7.65 7.94 9.37 5.25 8.95 6.89 1.15 5.49 5.70 0.44 7.88 9.55 4.89 6.30 5.56 2.03 8.88 6.58 2.87 8.53 9.92 0.38 3.78 8.99 5.98 8.92 7.84 2.88 5.94 1.80 3.06 3.42 2.63 3.18 7.29 3.05 3.73 5.85 3.73 2.55 9.67 9.80 2.08 9.25 6.45 2.40 9.63 3.52 4.56 1.51 2.52 9.47 8.00 0.47 3.28 0.95 1.65 7.48 2.75 5.92 9.28 7.92 5.14 3.86 8.15 1.06 0.28 4.96 0.25 5.53 5.26 9.28 2.50 5.87 4.88 4.41 2.61 6.42 0.01 3.71 8.78 4.70 1.77 4.61 7.44 1.39 6.15 7.56 5.73 6.72 4.98 6.43 5.40 
6.00 9.41 0.07 2.18 0.92 8.25 0.30 1.87 7.55 5.05 3.75 0.77 8.17 2.33 5.30 8.39 8.71 3.37 8.18 0.73 9.85 9.57 6.00 2.31 9.99 4.07 2.70 6.56 8.45 9.11 8.22 0.83 4.89 9.54 6.27 3.49 4.23 8.17 1.48 2.13 0.19 8.46 0.74 2.70 2.70 8.36 7.43 5.98 8.67 8.29 0.62 8.55 9.48 8.70 8.56 8.44 3.03 6.95 8.39 8.21 2.84 0.83 0.75 0.57 8.15 1.70 9.62 8.66 9.16 5.64 6.71 8.85 3.09 5.70 6.03 9.89 3.43 4.67 4.55 6.13 5.87 1.22 7.97 3.51 4.96 4.12 7.28 5.00 1.44 1.28 0.00 5.06 8.54 4.19 4.63 2.62 8.00 0.66 4.55 4.80 
2.39 1.31 7.98 4.42 7.42 1.01 8.86 6.02 7.40 6.50 3.00 7.05 3.08 4.01 0.22 2.44 6.45 8.59 2.13 4.82 2.64 1.34 2.35 5.78 9.02 7.25 1.11 2.58 3.54 0.05 4.14 2.94 3.39 6.91 9.14 7.44 6.55 7.19 7.80 7.41 8.48 9.43 2.54 5.92 5.96 8.05 9.69 3.36 7.76 0.44 5.67 8.54 5.86 8.32 1.53 1.72 0.04 1.24 0.54 3.28 8.22 1.63 3.68 7.03 6.06 6.06 9.22 0.63 2.26 0.45 4.91 0.46 4.81 2.16 8.65 7.90 4.53 0.01 4.99 9.16 0.99 8.65 8.29 7.54 5.48 2.19 7.66 4.75 3.19 8.19 4.69 4.38 1.55 8.73 1.20 3.69 2.73 4.84 5.99 9.99 
1.44 0.65 3.21 1.07 4.73 0.27 1.23 7.67 1.43 4.18 4.45 4.54 6.18 0.13 6.26 0.64 7.32 1.54 3.39 9.44 0.63 2.05 8.10 7.13 0.13 8.79 0.07 7.52 5.60 7.01 4.61 0.35 8.30 1.89 2.53 0.99 6.53 5.89 4.76 8.50 1.86 6.44 4.16 1.07 0.72 4.15 7.38 9.65 2.98 6.11 3.21 4.79 5.92 8.27 3.33 9.06 2.85 9.91 8.74 7.15 0.49 9.02 6.59 2.09 7.05 8.41 8.57 5.99 6.66 8.46 4.92 3.92 0.39 4.78 5.61 5.43 3.76 9.17 9.36 8.59 7.24 7.38 8.64 0.19 6.01 6.83 5.18 3.77 5.43 6.68 2.52 6.96 8.01 9.69 3.85 4.24 0.19 0.88 0.41 1.02 
1.70 1.36 6.66 6.86 9.45 1.46 7.85 5.80 0.39 6.70 5.89 1.86 3.34 1.82 4.22 0.95 9.35 3.86 8.84 0.74 9.15 9.91 2.37 9.40 7.15 9.69 3.04 8.80 7.20 8.06 1.21 7.27 8.90 9.58 8.65 1.36 4.55 1.75 9.24 1.45 0.81 7.50 5.42 6.05 1.39 2.10 9.28 8.19 5.15 6.55 6.98 0.18 8.91 5.59 5.88 3.01 6.16 5.67 5.00 1.41 8.76 8.71 7.37 6.14 0.35 3.35 9.30 1.83 1.37 4.32 3.80 0.43 9.28 5.02 7.62 0.62 4.73 1.13 0.58 8.10 8.71 6.73 0.79 7.93 5.47 7.94 5.17 1.12 5.90 4.19 4.50 3.27 1.55 9.03 0.86 5.11 5.83 2.75 9.09 4.81 
9.50 8.13 7.05 0.49 8.06 0.99 2.54 2.36 9.30 3.93 0.74 5.69 8.00 7.79 0.01 5.39 6.98 1.50 7.05 6.21 0.55 0.30 5.08 9.36 8.47 0.23 0.00 0.52 9.24 8.26 4.44 8.31 7.99 1.03 6.54 8.12 1.10 8.30 7.46 8.63 1.00 2.39 7.54 7.88 6.22 0.14 6.79 9.44 4.81 7.41 0.02 4.89 0.66 5.89 4.13 7.96 9.42 1.67 3.50 2.33 3.67 2.36 7.99 3.70 7.63 4.93 1.81 0.78 2.78 6.05 6.45 4.36 6.15 7.83 8.93 1.10 5.65 0.12 8.64 7.54 8.59 8.68 3.58 8.60 3.63 2.81 3.17 6.44 7.55 4.18 2.81 5.70 0.16 7.05 0.29 5.04 5.05 2.50 9.07 7.27 
6.37 1.91 7.59 7.91 9.80 6.45 9.00 8.18 7.53 7.42 5.24 2.69 5.47 9.66 4.41 4.95 6.57 5.59 8.33 8.34 6.07 8.82 7.80 4.54 5.02 2.32 8.05 1.09 3.48 0.58 5.31 1.30 7.47 6.62 2.94 0.66 7.23 2.63 9.67 9.77 3.09 5.92 4.16 3.56 8.76 4.59 4.73 4.71 6.52 9.03 6.00 6.76 0.51 5.99 0.81 1.96 0.81 0.73 3.66 4.78 5.34 5.13 7.08 3.17 7.31 5.75 6.16 5.40 3.29 5.06 3.23 5.09 0.75 3.09 0.66 4.61 0.70 0.21 7.73 9.49 3.06 5.42 8.68 9.02 1.51 9.87 3.93 2.67 5.97 2.76 1.35 5.17 1.57 2.77 8.80 4.67 0.92 3.73 2.85 8.51 
4.86 0.74 0.75 7.15 4.39 2.76 6.27 1.24 4.57 7.51 5.01 5.07 8.30 6.53 6.05 7.61 3.17 3.16 4.69 2.18 8.07 8.35 4.63 7.11 2.73 3.98 5.62 2.13 5.23 5.01 8.58 0.96 1.28 1.86 1.17 7.37 7.83 6.47 1.45 5.01 1.01 7.55 1.14 5.41 9.29 5.29 6.22 2.46 1.79 7.33 4.99 8.07 5.67 9.27 0.27 3.22 6.81 2.85 5.91 2.58 1.95 7.56 9.58 3.04 7.79 0.40 6.41 4.56 0.38 8.22 7.12 3.87 3.63 6.45 0.27 2.27 7.76 2.27 2.15 9.42 0.24 3.01 8.41 8.09 3.87 7.49 3.69 3.64 8.85 8.42 8.27 8.17 0.46 3.48 1.20 7.94 6.95 5.81 7.13 3.42 
8.56 7.77 0.17 2.45 8.85 4.37 9.83 5.59 2.26 1.78 8.33 0.14 2.78 5.93 0.82 0.13 8.42 4.61 0.83 8.13 7.32 2.70 8.13 3.66 5.47 1.95 8.99 9.09 3.14 0.31 4.36 7.35 8.92 7.30 7.87 7.36 5.05 3.72 6.26 9.44 7.69 2.80 2.57 8.16 5.37 3.05 9.33 9.22 3.52 7.18 1.42 5.79 2.17 0.21 8.89 2.15 4.68 9.32 7.52 6.27 4.98 7.17 2.05 0.74 7.01 6.70 6.33 2.58 5.89 1.34 7.86 8.69 7.24 9.56 8.07 6.28 6.52 4.16 4.47 6.32 8.23 3.00 8.70 7.37 9.80 4.16 2.69 3.89 1.18 1.46 1.91 5.55 0.84 6.84 5.25 5.64 7.52 2.21 7.72 9.85 
2.97 9.90 9.68 1.33 1.64 6.91 0.61 0.31 3.66 3.77 0.86 4.15 6.51 3.45 0.64 4.99 9.61 4.20 5.73 3.39 5.87 3.36 6.96 7.98 2.26 5.87 9.29 7.87 0.47 3.59 1.67 9.07 2.72 3.34 5.49 1.42 0.85 5.33 6.01 3.97 9.97 8.37 1.00 4.80 5.91 6.76 7.54 4.52 7.43 0.85 3.07 9.50 4.67 0.90 9.11 2.11 0.51 3.76 4.68 7.52 8.62 4.76 5.41 3.83 2.51 1.39 1.78 7.78 3.15 0.78 2.70 0.25 6.76 4.01 7.56 4.39 9.87 7.26 1.08 5.44 0.66 1.41 8.17 3.87 5.67 9.91 6.01 5.26 1.03 2.55 2.85 8.89 0.94 2.95 7.96 6.91 1.10 8.27 8.94 3.29 
6.55 4.19 4.59 3.88 6.34 9.31 8.88 9.51 8.67 5.61 9.90 3.25 0.17 2.60 1.86 2.38 1.10 7.39 8.78 8.61 0.94 4.41 7.73 4.79 7.26 1.22 3.28 0.79 8.27 0.40 4.37 9.81 7.61 5.70 9.01 0.23 0.39 8.73 2.80 0.71 4.00 5.00 6.50 9.39 3.98 4.69 5.92 4.87 9.28 0.03 2.03 1.04 4.57 1.94 8.12 0.34 9.05 9.61 7.26 8.32 8.73 8.28 2.77 3.90 2.66 8.61 4.97 5.43 8.87 1.24 3.88 7.77 2.17 8.36 0.68 3.78 7.67 2.32 6.27 7.97 1.32 4.87 6.48 6.83 1.96 6.42 5.93 1.12 1.30 9.64 3.80 8.29 5.32 7.43 8.43 8.07 6.41 8.14 6.53 2.78 
4.39 9.36 8.85 1.98 0.97 1.47 4.39 4.82 6.54 6.86 0.68 6.09 7.86 7.30 9.39 2.04 5.38 8.84 5.16 0.74 0.55 7.34 4.70 1.12 6.42 3.50 4.65 2.74 2.88 9.80 6.37 0.48 7.14 3.48 5.43 0.33 5.11 7.16 3.01 1.94 4.60 5.39 6.04 5.65 0.52 1.17 7.60 4.79 8.90 8.86 6.78 2.84 4.08 9.74 8.60 9.60 2.67 6.35 5.16 3.91 3.80 2.54 4.65 5.63 5.27 6.62 9.51 6.51 5.38 5.35 8.11 5.73 5.20 1.33 0.31 7.33 3.40 6.18 8.27 4.29 5.86 6.54 4.41 2.50 5.22 9.88 3.79 9.58 7.88 8.37 2.68 1.43 9.31 1.65 7.91 9.52 5.84 4.47 5.52 3.99 
6.33 4.21 6.65 0.59 8.53 1.55 3.87 1.67 9.35 7.53 2.37 3.59 9.49 1.99 5.76 2.07 9.71 5.23 0.01 5.83 9.28 1.83 9.53 2.93 6.11 6.36 3.30 9.18 1.25 5.84 5.28 5.86 7.68 7.17 1.56 4.89 0.81 5.24 5.58 2.63 6.15 2.73 5.81 1.24 1.44 7.82 4.98 6.40 8.36 4.62 4.19 7.80 1.94 0.33 5.25 8.50 7.96 7.14 2.95 0.32 6.14 8.38 0.04 6.69 4.34 1.00 8.90 3.69 0.28 9.25 8.36 4.52 7.61 0.66 3.30 6.65 3.32 9.45 0.79 2.49 0.69 8.69 5.09 0.54 2.52 9.40 6.37 0.94 3.55 7.81 3.51 6.40 9.85 4.76 0.93 1.23 0.01 9.80 6.31 9.03 
4.89 5.11 9.32 6.91 4.49 7.92 9.88 4.28 6.32 8.32 5.39 8.57 4.76 8.69 1.97 5.58 7.27 1.14 3.26 6.70 6.79 7.27 5.95 9.15 9.40 4.13 2.68 5.08 9.48 0.03 8.03 2.72 6.80 2.59 9.48 2.86 0.36 7.27 5.17 1.59 3.73 2.91 9.27 7.54 8.16 8.91 2.14 6.87 9.20 7.98 8.93 2.52 4.44 6.03 0.51 5.26 7.89 3.92 5.68 2.24 4.51 1.45 1.29 6.65 8.65 4.94 8.10 5.15 7.31 3.45 5.28 5.82 1.58 2.58 6.80 9.92 5.10 7.50 2.44 6.79 9.65 0.58 5.04 2.72 6.19 2.44 1.84 4.43 3.52 7.03 1.33 4.60 8.40 9.07 9.17 5.73 6.51 0.66 6.49 5.88 
6.55 1.11 7.48 4.50 2.21 9.33 7.60 1.11 4.61 0.76 9.76 7.14 8.99 4.80 9.91 2.08 2.01 3.68 9.35 3.68 4.05 9.38 5.77 8.32 4.14 1.10 4.92 8.23 4.68 6.89 6.46 4.02 8.91 0.02 2.47 4.83 5.90 2.38 8.80 8.13 4.94 5.94 5.40 0.22 1.67 2.76 3.59 9.52 2.02 6.41 7.79 2.94 1.75 2.78 6.90 2.12 1.23 7.83 2.72 8.81 7.17 9.44 8.35 6.26 0.20 2.51 9.43 6.75 5.42 0.61 3.10 0.77 9.04 7.52 8.41 4.96 0.46 3.01 5.07 7.31 3.64 2.19 2.95 6.95 3.94 8.15 9.66 2.51 6.08 6.52 9.82 8.96 1.01 4.37 3.56 6.01 6.44 8.11 8.76 4.90 
8.71 7.80 7.63 2.12 6.19 1.91 2.92 2.99 5.00 4.85 6.44 1.06 1.14 2.67 7.63 8.47 3.94 4.11 4.75 0.94 1.11 7.24 5.25 0.08 6.24 6.19 6.72 5.50 4.02 0.43 7.42 4.28 4.49 5.81 8.63 3.52 4.73 5.73 4.36 9.89 9.56 1.64 9.27 5.27 2.64 9.39 2.75 7.69 7.63 5.92 5.57 7.82 7.46 4.72 9.88 4.02 7.73 7.69 2.39 6.12 9.70 1.29 2.08 4.79 5.87 0.56 6.96 8.97 1.02 2.45 9.65 6.37 5.09 8.35 7.93 9.62 9.40 3.42 8.68 3.04 0.39 9.78 8.53 8.48 6.29 1.15 2.94 6.21 3.73 6.33 1.35 1.87 5.54 7.00 4.95 9.45 7.04 5.85 9.48 3.92 
9.39 2.59 6.31 4.53 0.56 8.10 5.06 0.88 2.55 9.65 1.77 8.21 9.70 7.44 1.67 6.06 3.77 4.96 0.01 6.31 6.14 2.23 1.45 1.00 3.63 1.99 7.18 1.52 7.86 0.07 1.12 3.43 8.36 2.35 5.57 4.19 8.45 2.87 4.05 5.52 2.18 0.90 1.06 0.53 8.11 6.22 6.59 6.28 4.68 0.58 7.45 1.39 7.60 2.83 8.03 0.80 5.79 4.54 5.16 5.32 1.57 0.70 2.93 4.87 7.90 5.75 4.37 4.16 9.62 3.23 3.68 7.95 3.85 6.61 0.20 5.54 1.81 9.33 8.71 9.17 9.65 4.19 8.25 6.67 0.31 9.03 8.94 0.58 3.12 9.83 4.32 5.89 0.42 1.78 0.84 9.86 2.84 5.23 1.32 3.68 
2.35 2.33 9.72 9.46 7.40 1.39 9.57 2.93 9.65 1.58 0.84 2.64 0.99 0.43 4.35 8.80 1.58 8.07 9.05 7.77 0.40 5.14 5.77 2.43 4.36 9.07 0.26 0.80 7.48 5.72 1.61 8.81 0.69 8.77 8.70 2.74 3.25 8.27 3.54 8.76 7.71 5.39 5.09 3.07 2.24 5.08 0.42 6.66 1.21 7.92 9.46 2.24 0.46 2.37 0.54 0.53 7.74 8.20 1.54 6.68 6.23 7.19 5.91 8.86 7.06 3.79 8.67 7.23 1.01 1.58 8.02 8.95 4.37 2.26 8.10 7.69 6.25 8.72 4.02 4.69 5.54 8.27 6.13 3.72 3.29 2.67 6.57 8.16 8.94 0.61 1.21 3.39 5.44 0.68 8.11 7.94 4.06 7.40 2.06 9.93 
5.48 4.71 3.13 9.03 0.83 4.43 4.54 4.00 6.99 6.42 7.31 3.80 3.34 3.20 3.20 7.45 5.21 8.41 3.35 0.51 8.14 2.32 4.07 3.37 1.40 2.84 7.10 6.41 0.61 8.68 5.67 7.05 5.06 7.48 6.09 5.25 2.25 2.05 4.03 0.98 9.91 8.31 5.07 4.78 8.37 0.34 5.83 2.94 2.76 7.31 9.34 8.52 7.98 0.62 1.04 9.77 9.36 3.86 7.45 7.53 7.29 5.21 2.61 1.19 7.53 8.26 9.31 1.93 4.28 0.59 6.24 7.34 6.01 6.20 4.31 9.27 3.81 1.74 7.60 0.93 6.60 3.80 6.96 6.33 2.26 3.55 7.93 9.91 8.80 3.98 4.08 4.01 6.00 6.53 1.42 9.29 8.20 5.87 8.67 0.11 
0.20 3.67 9.47 1.56 4.44 1.13 0.22 3.29 3.33 1.26 7.53 3.49 0.17 2.64 0.39 2.41 7.71 7.24 9.95 3.25 9.77 3.39 5.79 9.69 8.77 6.76 7.19 6.17 5.44 6.13 6.98 2.48 3.47 6.17 7.42 8.96 8.88 6.98 3.60 8.23 3.98 3.62 1.59 2.29 8.40 9.72 0.99 9.53 3.68 6.17 7.07 8.72 5.38 0.66 2.83 1.23 0.96 1.28 9.81 8.77 8.65 8.18 7.68 9.61 0.86 2.81 9.34 0.59 2.38 4.92 4.75 4.46 5.88 9.99 3.86 0.07 1.08 5.14 5.48 8.50 4.89 1.15 5.18 6.51 5.41 4.64 3.37 4.81 3.62 2.56 4.22 6.05 3.54 5.57 3.70 2.48 1.08 6.94 8.50 9.09 
5.99 3.97 8.78 2.48 3.56 5.27 2.22 0.20 6.34 3.46 1.73 0.72 2.16 0.29 8.11 9.18 6.07 4.79 3.88 2.92 0.16 0.02 7.78 9.54 9.80 6.95 6.48 6.28 3.87 4.78 3.98 6.41 5.93 2.44 7.37 6.51 4.12 1.86 3.62 9.46 8.86 6.23 7.32 4.49 6.17 7.75 5.42 7.33 0.89 5.08 8.56 6.15 2.25 9.08 9.71 9.57 6.23 1.60 0.28 0.52 4.66 9.97 0.74 8.57 4.40 5.43 2.02 5.77 7.19 5.12 3.91 9.00 8.00 1.72 5.79 0.14 9.25 5.31 1.08 4.54 7.73 6.24 2.58 5.04 9.99 4.24 7.58 2.15 8.15 4.68 6.63 0.37 9.69 3.50 3.08 2.13 9.05 3.21 3.65 8.15 