100 100
0.00 0.02 0.84 3.54 7.30 1.82 1.84 9.74 10.54 9.08 4.66 16.62 18.64 11.36 11.12 1.02 15.34 0.38 5.04 5.96 17.52 10.64 18.40 10.30 16.20 3.76 17.72 11.42 1.54 16.30 19.70 2.36 17.88 15.68 2.02 5.06 0.40 7.56 13.58 13.62 15.06 0.12 12.48 2.52 12.36 15.42 3.74 9.94 10.20 6.32 14.04 7.34 17.52 7.42 10.50 8.56 10.86 13.36 3.42 16.62 17.24 15.38 1.06 19.34 6.68 1.64 5.40 1.48 13.52 16.20 9.28 11.38 10.24 11.74 14.78 17.44 11.56 19.30 6.68 7.86 3.54 2.24 17.06 16.22 19.10 18.08 2.78 13.72 2.54 0.08 0.02 3.86 11.74 7.50 0.54 9.30 15.70 8.84 5.76 17.06 
10.52 14.56 5.32 15.66 9.36 3.94 8.94 14.56 19.32 15.14 9.32 17.38 2.68 16.92 0.36 18.82 13.40 16.00 2.86 12.20 18.16 15.48 7.32 18.88 17.70 8.90 3.26 8.50 9.60 0.62 12.16 15.84 3.64 10.50 17.98 6.18 18.86 7.76 18.62 18.22 6.76 10.66 14.04 19.42 15.36 15.04 1.82 17.08 3.50 0.40 8.38 5.92 7.56 8.38 2.76 7.62 6.00 0.42 4.78 0.74 4.42 10.50 9.90 17.66 15.48 1.18 2.40 10.96 6.84 9.14 11.76 11.70 1.40 16.38 8.06 11.70 3.82 17.84 3.52 4.16 2.32 3.18 19.86 13.64 16.24 12.84 6.58 14.76 16.46 14.42 13.16 7.18 12.20 8.30 16.30 15.48 5.48 0.90 12.02 10.28 
12.60 3.62 5.58 9.04 12.86 14.86 8.28 12.36 12.36 17.08 3.62 6.16 0.46 0.18 19.02 19.82 4.10 12.08 18.72 11.20 10.94 8.78 9.00 6.14 4.02 4.32 1.00 4.20 11.50 18.30 8.32 13.08 7.12 11.74 7.84 0.68 5.72 1.84 8.88 18.52 18.42 12.12 17.22 0.30 13.74 16.90 2.60 1.20 0.26 7.82 17.32 0.30 18.48 17.74 13.24 13.10 1.52 1.86 0.06 10.54 15.80 13.08 10.92 15.96 14.54 5.06 5.10 2.76 9.66 9.36 2.02 10.08 17.16 0.20 16.44 19.28 0.38 18.60 1.26 0.76 3.80 5.54 8.94 12.98 3.02 9.74 13.00 10.68 7.14 7.88 14.44 14.50 6.12 2.14 18.22 14.82 4.78 13.02 7.36 0.52 
16.98 0.84 1.12 8.52 9.60 10.04 19.62 12.16 18.26 15.00 14.28 19.42 0.58 5.28 0.36 1.62 3.10 2.28 15.14 18.76 2.58 11.86 2.46 11.98 1.32 5.12 8.24 18.96 7.06 0.34 19.46 15.24 17.24 8.10 17.36 0.74 4.16 8.46 19.70 11.28 11.52 9.36 9.28 15.22 6.04 8.34 1.98 2.74 13.96 3.60 17.86 14.62 6.04 2.82 16.48 8.84 11.80 19.56 10.06 17.96 14.50 5.22 9.10 5.24 19.20 0.34 18.80 18.04 1.96 10.42 1.70 15.90 17.38 1.92 17.60 0.12 4.04 9.46 12.88 18.68 1.96 11.42 10.16 13.18 17.86 14.72 13.78 16.18 4.80 15.28 15.38 10.84 9.62 8.28 1.48 10.54 10.16 15.04 2.62 0.18 
15.28 2.02 19.30 1.78 2.32 17.92 14.90 4.38 11.70 4.82 17.68 7.92 1.14 18.54 9.04 17.42 4.60 9.78 11.42 17.06 4.36 18.42 0.78 8.16 1.08 2.10 10.60 11.46 2.28 0.86 10.02 14.50 9.88 6.92 0.70 7.34 18.32 10.10 17.24 18.48 0.30 5.80 4.78 14.32 2.04 15.54 4.90 8.64 11.84 10.30 15.38 14.44 16.08 14.82 10.12 16.36 1.18 11.52 17.24 11.02 16.58 2.48 14.20 0.04 0.64 5.82 13.42 6.00 8.68 5.46 2.48 2.68 2.10 8.32 16.42 5.20 2.96 0.28 4.42 7.06 15.24 8.42 13.74 10.54 6.60 2.88 7.50 14.90 14.60 14.64 3.48 11.14 13.72 17.40 11.16 6.90 10.72 19.24 18.46 15.06 
13.74 6.72 7.22 14.16 13.26 7.94 0.28 8.16 13.36 4.38 1.78 12.36 0.38 4.34 4.12 7.48 8.00 5.88 10.48 15.84 7.94 14.54 13.94 12.64 2.46 14.66 3.38 0.56 4.32 3.42 3.40 10.58 6.26 18.02 8.88 1.58 2.74 10.70 12.86 16.84 19.40 6.80 7.36 14.26 0.92 2.50 5.16 19.30 16.74 13.76 13.78 16.18 10.50 11.66 13.68 9.20 15.20 5.52 6.34 1.32 2.96 9.46 4.80 18.90 6.62 5.22 3.42 17.48 17.28 9.56 4.34 15.46 2.06 4.16 4.62 3.32 5.30 16.08 2.18 5.16 17.60 4.30 13.30 12.52 15.86 6.92 12.60 5.02 0.72 16.14 8.10 8.76 15.12 15.68 9.60 14.32 7.76 0.56 8.34 18.02 
12.24 16.68 15.16 12.14 17.22 8.12 4.76 11.70 2.10 9.80 16.90 14.08 2.10 13.86 0.66 8.54 14.64 5.50 6.72 6.28 4.36 12.16 11.58 1.42 9.58 3.22 5.86 13.14 19.94 1.86 1.04 0.44 18.68 1.26 14.24 11.12 8.24 19.76 9.20 14.00 13.74 10.70 11.52 10.84 12.02 7.44 17.96 4.92 8.24 11.40 5.80 16.64 5.36 5.24 9.86 1.32 2.20 4.66 12.36 14.08 5.18 16.06 2.56 8.10 16.16 3.22 8.86 13.82 0.58 10.86 10.16 18.26 8.78 17.28 16.66 13.32 17.44 18.30 3.02 1.84 13.50 2.62 17.92 6.32 1.42 11.62 4.28 13.86 6.14 16.10 17.58 14.88 11.54 17.34 16.90 12.94 1.96 12.48 16.08 18.60 
8.90 2.06 18.86 17.02 2.72 16.84 13.66 11.06 19.64 6.98 15.06 4.20 8.44 17.08 0.42 5.10 10.64 12.56 15.48 12.56 15.80 2.26 17.74 15.46 17.14 9.60 15.48 5.72 5.84 3.96 5.94 9.54 6.28 8.10 11.80 8.32 17.34 0.94 0.88 15.26 8.70 9.80 10.66 19.16 9.12 19.28 7.70 9.26 0.72 6.66 17.36 18.92 14.06 4.82 3.96 17.24 13.92 3.38 17.10 3.74 1.22 18.36 6.20 3.82 5.80 19.98 4.96 16.98 8.54 9.16 14.20 10.00 6.02 6.82 0.18 16.56 7.34 17.54 5.48 12.18 15.28 4.36 3.88 7.48 13.10 4.04 8.58 8.74 1.16 17.40 13.32 6.12 2.20 18.56 18.80 8.20 4.26 13.98 5.68 5.86 
12.66 10.96 11.74 14.94 1.38 19.14 14.54 1.64 19.38 2.14 1.82 8.80 7.60 14.22 18.76 5.82 18.84 3.50 0.58 7.76 18.90 14.28 9.22 6.74 16.52 11.72 17.80 14.08 18.40 17.80 12.62 7.16 1.36 15.84 12.52 9.14 15.00 5.86 12.46 10.56 15.96 13.96 4.76 4.06 11.56 11.14 18.02 19.72 8.76 8.04 0.22 9.56 10.92 0.98 9.50 14.60 4.70 7.14 19.24 1.50 3.02 3.48 13.58 3.86 14.98 1.66 19.44 6.36 14.16 10.32 17.96 18.34 2.92 13.96 16.58 14.96 19.86 16.60 15.58 13.34 13.30 4.98 2.78 11.66 7.60 3.52 19.98 11.98 15.14 19.84 12.34 2.00 1.80 17.36 11.14 11.24 4.52 11.12 16.32 11.68 
14.72 5.86 18.36 9.48 3.16 3.32 14.68 16.56 19.50 0.92 1.56 14.56 10.78 18.46 1.44 4.76 18.54 6.18 14.58 20.00 5.10 9.68 2.54 10.24 19.96 17.06 6.22 8.42 11.92 6.56 9.16 9.40 17.38 11.04 12.70 1.10 9.38 4.22 9.18 1.80 14.52 17.28 3.54 15.28 5.78 7.04 19.26 0.10 5.00 5.30 17.54 1.82 17.98 6.44 16.10 14.46 9.60 5.22 9.60 10.08 19.14 12.80 1.36 12.22 8.64 4.26 0.38 8.72 18.10 11.50 7.02 5.18 6.02 17.88 0.78 16.92 1.14 14.50 0.36 3.18 1.94 7.28 11.18 13.42 6.32 10.36 16.40 15.82 16.86 10.42 11.24 8.08 15.46 18.34 13.32 1.94 16.62 7.96 0.36 4.48 
14.42 4.76 12.86 0.14 19.46 1.92 1.22 10.90 13.34 3.74 10.28 3.60 19.96 1.22 18.96 12.00 10.98 18.54 1.72 6.50 1.84 4.86 17.48 13.42 13.56 4.70 16.02 11.20 11.58 12.02 10.66 18.14 17.98 11.44 16.58 0.44 9.14 5.68 11.42 4.30 1.56 4.06 15.30 11.52 17.02 16.00 13.96 11.80 6.32 6.98 14.94 16.68 0.26 9.18 6.30 7.98 3.90 13.94 8.70 16.90 1.24 7.02 18.36 10.50 19.84 10.40 17.26 15.18 10.08 4.34 9.40 0.46 0.06 1.56 11.16 10.20 9.82 11.74 2.74 17.78 1.34 18.36 14.58 0.30 17.88 13.98 10.18 16.62 17.80 4.34 10.92 14.54 10.80 16.44 9.76 9.44 0.46 6.32 14.08 7.88 
7.08 15.98 10.36 4.80 4.24 2.64 10.66 15.02 15.02 15.74 14.56 6.52 6.90 5.40 17.74 9.66 6.84 8.58 17.16 9.14 8.84 4.48 18.46 4.28 17.86 18.82 11.26 18.58 18.64 4.66 13.58 9.18 11.00 17.40 15.34 5.66 0.16 0.84 0.60 8.82 10.26 12.86 6.10 5.06 18.94 0.20 4.44 8.96 14.40 6.58 19.56 2.46 3.00 15.28 13.60 18.10 11.96 8.98 10.30 8.48 1.46 17.60 3.82 13.40 12.44 1.90 12.62 0.14 7.52 16.90 17.76 3.40 4.78 0.48 11.46 17.02 7.62 18.88 13.84 16.48 13.90 18.26 0.74 12.74 7.10 10.40 19.38 18.28 8.94 8.92 6.92 0.40 5.22 10.32 4.90 9.14 2.60 9.06 2.18 15.18 
6.30 1.90 14.06 17.60 10.08 17.66 7.56 6.50 2.66 12.36 1.86 5.66 8.14 0.24 9.62 7.76 5.94 4.76 8.12 17.32 10.16 18.12 5.64 12.68 17.58 18.28 6.44 13.34 11.38 16.44 12.98 13.58 16.70 13.66 0.80 1.54 0.02 19.00 5.04 9.42 4.54 12.48 10.72 15.12 14.74 11.84 13.18 9.26 17.80 1.36 13.96 9.20 16.32 13.22 17.68 19.74 10.38 5.08 1.40 19.52 12.84 3.28 3.14 15.16 2.78 16.40 2.14 17.18 11.00 2.86 14.36 2.58 11.76 4.04 19.76 17.34 4.00 8.38 16.90 15.28 18.54 6.16 19.68 1.74 6.10 7.22 3.64 13.44 13.82 11.02 6.74 9.64 7.78 16.00 12.98 2.96 9.62 13.50 7.66 5.32 
11.64 3.92 17.46 0.14 14.18 12.48 8.30 16.30 19.00 1.72 2.90 12.80 4.24 1.32 7.52 0.64 9.70 18.18 6.56 17.34 1.42 2.32 0.62 19.86 13.78 5.94 0.96 4.62 3.78 3.56 14.00 8.90 12.42 0.42 14.78 7.78 2.22 17.20 19.84 3.84 7.82 17.34 16.20 10.28 2.26 6.54 4.26 14.50 6.92 17.26 5.30 3.34 16.12 11.20 6.32 10.10 12.34 8.76 12.60 18.70 7.54 9.60 5.82 2.50 4.98 5.72 17.60 4.46 2.28 0.74 18.00 4.88 18.18 18.76 8.66 0.30 0.90 18.62 10.36 11.48 0.24 6.28 18.46 0.84 7.30 16.52 12.72 7.48 3.34 15.92 12.12 16.08 16.50 11.48 5.70 18.30 1.20 14.20 15.78 1.66 
8.04 3.46 4.18 1.62 4.32 8.66 11.04 2.38 7.58 19.20 3.26 16.98 12.42 14.74 8.46 8.68 8.94 15.16 1.46 13.50 16.82 8.16 7.16 6.70 10.76 11.50 3.26 18.38 2.12 11.92 10.98 10.24 17.74 14.14 6.70 6.26 16.02 17.02 2.66 15.74 5.44 0.82 4.86 2.94 19.08 6.26 16.28 19.50 8.70 14.14 10.74 5.14 11.92 0.88 16.20 0.92 9.52 3.32 13.54 3.22 6.50 1.40 5.24 4.96 7.66 6.04 11.70 12.88 0.08 6.28 9.28 12.26 18.54 1.06 3.08 18.26 5.96 4.52 16.44 6.72 17.96 13.34 5.78 19.76 13.18 11.44 9.08 16.42 19.38 13.88 14.28 6.70 9.22 11.10 14.80 16.42 11.36 8.92 5.68 17.86 
3.86 3.38 18.58 19.44 15.62 14.94 17.64 10.66 0.86 8.56 2.28 4.16 13.10 9.10 5.84 13.76 14.06 18.42 10.20 19.90 5.92 8.70 12.54 7.24 19.48 19.22 19.56 0.74 15.24 6.58 19.64 19.36 11.32 8.76 3.70 3.42 2.16 15.40 19.86 9.76 10.54 7.62 11.86 8.14 17.52 8.36 18.04 5.16 17.70 2.94 14.74 13.88 19.00 10.32 10.42 5.42 8.68 2.00 17.74 16.70 19.76 10.16 4.78 5.48 1.10 12.36 4.64 2.22 11.30 12.28 16.70 1.68 12.22 5.48 4.08 12.16 14.92 3.54 7.56 10.00 5.06 1.82 7.80 18.70 1.48 19.88 19.76 17.90 18.14 16.48 16.00 0.50 17.06 17.12 10.10 1.30 16.96 6.48 17.52 18.88 
2.92 19.16 8.94 4.70 9.90 4.06 15.22 4.30 3.36 18.18 14.86 2.50 0.16 2.72 16.28 19.52 11.46 12.04 16.30 17.54 16.52 7.64 5.00 8.14 14.22 6.04 11.28 4.78 0.56 5.74 1.70 4.76 1.48 18.62 13.46 16.56 5.44 16.68 5.94 17.02 0.58 13.32 9.08 9.08 2.74 11.22 3.80 8.38 8.04 12.98 2.64 10.04 17.10 10.10 10.22 15.28 12.84 16.90 1.54 1.40 16.36 3.80 14.96 2.94 2.24 15.62 19.66 2.74 14.44 0.66 8.60 19.68 10.14 4.34 8.52 6.26 18.04 19.90 18.42 11.36 10.60 11.72 10.58 16.80 4.68 14.28 8.24 4.76 14.48 7.36 13.92 7.70 18.96 17.28 6.30 1.68 16.10 9.10 10.02 16.42 
16.84 19.44 4.98 3.50 18.64 18.84 17.44 12.32 14.00 9.36 3.30 10.84 1.60 14.42 12.48 14.08 2.40 6.80 18.56 11.72 2.10 14.38 5.28 13.68 12.44 6.36 16.90 7.92 2.92 11.80 14.86 19.48 12.34 4.00 4.42 9.24 14.04 4.94 9.68 2.80 15.62 11.16 0.24 12.82 2.90 12.24 11.76 18.62 8.22 15.66 0.48 16.18 7.66 11.88 11.94 13.86 12.28 2.50 18.72 10.92 3.22 8.28 11.18 14.96 10.46 3.96 12.32 7.36 14.86 0.54 8.84 19.88 6.56 2.74 16.08 9.34 15.56 12.02 2.70 9.38 11.24 9.58 5.66 13.30 15.52 13.96 6.98 17.44 19.34 13.16 1.30 5.90 18.68 1.08 15.62 0.96 5.56 18.04 19.08 0.76 
0.42 12.96 15.14 5.50 8.18 4.24 2.06 5.88 13.22 0.48 9.08 15.82 17.70 1.96 16.02 11.18 12.06 13.74 9.10 7.00 16.18 13.30 16.06 7.86 10.84 15.18 1.64 15.54 6.44 13.80 19.32 0.18 12.28 19.62 8.90 8.42 5.56 7.40 15.94 3.98 18.98 11.36 12.32 2.42 16.80 9.32 16.82 6.30 11.22 8.06 13.20 16.22 15.60 13.92 8.90 5.42 8.56 10.64 10.76 3.34 10.88 7.14 11.62 2.14 16.34 19.24 0.62 14.98 11.12 6.30 17.20 8.90 15.64 6.02 18.40 19.44 16.34 14.00 15.46 6.38 6.02 17.80 12.60 16.40 11.44 17.68 10.32 4.70 13.90 13.34 8.06 13.20 14.72 11.06 8.66 19.38 16.38 3.70 17.84 13.82 
15.24 0.02 4.94 12.20 19.78 17.02 14.28 10.22 18.00 1.46 15.40 11.04 16.18 13.88 2.84 1.68 1.82 11.16 13.72 13.32 16.48 14.06 11.62 17.36 5.94 3.84 7.52 13.94 8.20 0.76 18.44 4.26 14.22 17.44 8.84 19.70 9.00 5.00 3.10 4.54 2.46 2.14 15.60 19.82 1.74 19.08 17.16 3.30 14.32 4.48 11.42 14.52 6.36 5.72 6.28 1.76 13.42 6.84 10.70 2.90 5.14 17.38 0.80 18.76 5.60 13.76 2.82 14.24 12.96 18.84 8.86 8.58 14.30 7.46 5.34 17.94 12.60 15.38 3.66 2.50 3.74 7.46 18.64 1.32 15.60 8.76 11.52 17.90 0.30 1.62 7.26 6.54 4.32 13.72 0.38 8.94 0.64 9.18 11.80 3.60 
17.76 8.82 19.94 0.98 16.66 10.58 4.38 9.56 4.20 7.16 14.00 12.38 11.98 13.10 15.34 0.70 18.02 14.80 13.36 5.80 12.46 16.52 4.54 9.20 4.14 17.94 3.12 5.52 4.08 19.32 1.22 3.64 13.88 3.22 2.02 5.40 5.54 1.44 18.56 8.62 9.18 10.10 13.82 18.42 0.10 17.68 15.98 17.94 17.86 18.54 10.54 18.52 11.40 12.80 0.10 2.64 2.56 11.64 5.36 2.30 11.22 7.84 19.42 6.28 17.66 17.94 9.92 9.28 14.12 6.28 0.80 17.32 14.94 15.58 4.82 8.08 2.92 8.14 17.12 11.02 16.60 7.64 4.76 17.80 2.12 0.10 4.24 2.06 6.66 16.02 10.48 13.54 12.18 10.80 3.04 2.74 16.36 9.40 8.76 18.98 
16.60 1.72 7.40 2.06 17.48 1.10 8.38 19.00 15.54 6.12 13.00 5.08 8.50 1.16 5.08 11.10 5.66 11.40 2.74 4.58 2.90 8.66 12.18 15.62 13.56 3.08 15.24 11.84 6.48 0.64 14.18 1.32 1.92 13.10 19.90 17.08 0.92 16.14 0.88 16.14 2.38 19.18 8.92 16.96 14.64 5.80 16.46 0.10 6.50 7.50 10.08 0.44 18.76 1.18 14.28 2.16 7.18 16.74 6.76 3.20 16.00 10.66 1.62 1.32 7.28 7.48 2.10 5.62 13.34 13.86 10.74 7.70 18.46 8.78 2.58 19.84 5.40 0.76 2.46 10.26 4.54 0.88 3.04 6.70 5.04 7.46 17.34 3.24 16.26 1.32 9.98 5.78 19.72 16.82 14.92 6.28 1.30 10.90 2.70 8.68 
8.40 18.46 6.90 9.94 12.76 5.42 3.18 17.94 1.54 0.42 12.06 12.02 2.08 8.98 4.66 13.42 9.42 12.62 1.80 18.28 8.74 16.04 15.76 11.36 18.40 0.66 3.90 6.36 7.10 0.28 13.16 11.30 3.14 18.18 9.20 10.72 4.06 0.52 18.68 1.28 3.70 5.48 0.62 3.00 15.46 7.04 8.66 12.68 10.98 12.62 17.76 12.80 7.96 4.14 3.28 3.02 11.34 6.70 1.20 1.28 14.96 19.58 11.10 16.50 1.74 14.20 10.14 2.00 18.96 5.44 0.58 10.54 0.50 12.22 14.96 1.86 1.32 10.34 14.14 19.92 5.62 14.76 11.50 9.04 10.54 18.90 12.62 18.90 12.36 4.66 8.14 3.44 14.96 10.64 18.88 16.72 15.20 15.02 18.48 10.96 
2.14 7.32 16.98 2.04 5.14 9.90 12.70 3.20 7.96 15.84 0.78 17.98 12.66 8.64 18.54 0.36 1.60 11.86 10.46 0.84 19.48 4.66 19.86 7.34 19.28 8.22 7.86 12.96 7.26 6.62 14.38 0.30 8.92 11.92 3.16 2.72 10.46 16.54 5.48 4.00 1.10 13.38 14.38 13.70 12.38 17.98 13.32 19.48 17.08 12.80 18.44 18.22 8.04 15.84 19.46 15.42 4.12 9.68 17.76 11.30 16.10 8.42 6.18 6.92 10.06 3.44 0.38 5.24 12.62 2.62 16.66 11.24 14.68 16.22 12.80 17.10 4.54 3.10 5.66 10.60 3.56 11.88 14.48 16.86 17.26 17.98 11.40 10.04 1.70 9.06 1.56 7.20 2.16 4.82 18.88 9.82 18.88 11.24 12.36 13.14 
13.16 13.32 2.90 0.92 16.28 1.16 2.24 13.16 17.98 4.12 13.78 15.26 5.16 13.48 17.12 2.94 0.36 16.52 3.94 2.06 11.78 5.62 5.86 7.32 12.04 2.46 4.26 16.62 10.60 13.62 9.68 6.12 9.68 18.70 9.96 18.46 17.38 7.94 14.02 16.06 1.18 14.82 3.86 2.06 7.80 12.22 2.60 12.08 8.32 10.60 10.84 5.44 3.00 16.74 16.46 18.76 8.26 3.24 2.50 18.92 3.92 8.34 12.14 15.30 5.02 2.18 12.72 10.24 18.32 8.34 11.66 16.18 3.92 17.26 6.42 10.26 10.68 0.82 4.80 13.42 16.98 4.46 2.06 8.38 14.02 5.42 19.42 16.12 15.20 3.04 5.66 6.58 14.94 0.36 18.98 18.74 4.90 17.28 9.18 16.78 
18.02 14.42 18.36 9.62 19.86 7.04 19.24 17.18 15.02 19.92 8.28 18.84 7.76 11.92 13.66 10.76 4.48 12.18 7.52 16.02 10.90 6.04 12.58 10.74 13.28 16.30 16.98 6.82 14.16 2.40 18.74 16.82 18.66 16.54 14.92 0.10 0.14 19.32 6.94 19.36 0.18 19.90 4.02 7.22 11.76 4.14 6.96 17.84 5.52 1.34 2.10 9.16 15.04 4.88 5.66 5.70 10.52 16.02 16.40 7.86 1.42 4.04 14.56 13.22 14.76 0.56 17.98 3.78 8.12 5.50 7.14 17.62 16.84 4.56 18.04 13.78 7.66 10.56 6.58 0.32 0.34 11.88 0.30 0.00 2.80 16.42 19.02 19.64 10.82 11.10 4.96 3.70 2.36 17.92 0.12 9.74 17.40 14.66 8.76 6.40 
5.00 10.66 13.46 15.98 7.64 6.88 3.12 14.58 2.82 3.00 7.92 10.76 4.32 2.56 17.62 4.10 14.74 3.32 8.50 4.18 13.96 0.16 9.54 5.50 11.40 18.70 19.76 9.46 2.98 15.56 2.04 3.08 16.50 1.60 4.84 4.30 4.96 6.62 3.16 15.92 8.00 13.06 3.52 6.22 14.96 1.80 15.96 12.84 12.86 11.16 13.22 12.68 0.44 11.34 15.90 19.50 12.04 7.42 13.60 4.40 16.76 4.18 5.66 10.72 10.50 15.76 11.82 14.88 16.02 19.96 0.56 19.00 15.80 12.66 18.72 7.48 1.66 11.68 7.02 15.96 12.44 11.34 18.78 17.48 9.02 1.58 16.14 12.88 15.54 7.60 6.40 6.42 1.36 0.78 0.36 2.94 15.92 0.60 9.28 2.72 
5.26 11.02 16.56 9.54 12.22 7.78 6.42 4.20 5.16 16.62 1.10 11.48 0.08 19.82 12.16 15.92 16.44 2.94 14.28 9.68 18.26 19.24 0.62 9.58 19.66 9.52 10.00 17.66 12.28 13.90 5.82 19.80 3.96 15.40 14.24 2.56 12.12 15.36 10.98 16.82 16.76 6.38 11.24 13.26 7.66 1.30 18.10 15.20 9.40 5.72 19.52 6.94 7.44 1.16 3.70 13.72 2.90 2.54 12.14 7.10 0.52 14.68 19.88 13.00 17.06 5.60 14.66 12.20 8.00 13.56 11.20 4.44 7.44 3.68 2.80 6.24 12.34 9.30 7.34 6.02 18.92 8.80 17.48 0.70 5.60 11.54 19.38 19.44 13.18 13.38 19.18 0.62 4.76 14.76 12.42 16.06 17.46 8.42 15.74 16.58 
2.22 15.04 12.56 9.28 16.56 5.98 18.44 19.06 12.60 11.92 6.40 15.10 6.76 6.66 9.32 12.24 3.22 16.50 13.16 4.32 10.94 10.00 19.62 9.90 15.08 1.16 6.28 5.16 17.24 4.42 4.10 7.80 13.02 13.56 18.52 7.32 10.40 12.12 8.48 4.46 10.26 13.20 18.86 6.50 14.30 3.56 8.72 4.36 10.24 17.18 2.02 10.62 17.16 17.06 9.94 6.76 1.24 19.06 2.10 8.40 6.52 19.16 9.74 16.98 3.70 13.70 10.96 15.34 0.52 3.00 16.58 17.12 8.54 0.24 8.58 1.86 3.56 4.52 6.86 17.68 15.86 4.78 18.12 14.08 0.22 17.94 6.76 3.66 7.64 5.58 1.04 19.20 9.32 16.44 13.66 4.46 5.64 13.94 9.78 4.28 
11.86 7.02 10.92 19.12 16.10 6.12 14.32 9.28 0.60 13.32 15.16 17.04 6.90 13.84 16.78 4.28 17.72 5.82 9.44 6.70 18.98 4.20 3.98 3.44 6.82 3.64 18.28 4.86 4.58 12.70 1.66 8.84 10.48 19.76 10.72 3.00 7.16 18.34 6.02 11.20 11.04 7.52 15.92 18.12 14.74 3.90 18.46 6.18 2.88 14.62 2.98 11.14 7.22 9.90 17.46 10.38 17.78 18.80 10.96 17.56 0.60 7.76 7.92 3.56 1.28 8.34 18.14 2.40 7.54 3.16 12.88 1.04 17.96 0.28 10.98 3.86 0.76 19.02 15.06 13.10 5.82 19.12 11.50 9.58 9.32 14.98 16.20 17.56 6.34 9.78 10.08 11.92 11.54 18.92 1.54 15.16 5.32 9.98 5.58 0.18 
16.86 15.42 12.94 18.64 12.02 19.30 18.14 1.26 10.14 15.92 10.14 0.86 19.54 14.64 11.84 2.74 6.24 5.62 12.32 19.32 7.06 15.34 4.36 17.80 9.86 3.64 3.34 1.08 6.96 15.16 8.38 4.32 16.56 4.28 14.30 14.64 3.92 12.52 5.48 8.00 4.48 9.98 3.56 13.44 0.72 6.10 17.80 2.74 12.74 19.14 1.10 9.42 17.08 18.24 14.84 11.00 3.16 16.14 7.24 4.64 0.82 5.30 12.92 1.18 14.16 4.56 18.08 13.54 8.94 11.02 13.64 19.32 2.62 9.62 9.94 9.82 15.28 16.66 4.66 19.00 8.30 11.90 13.58 7.20 5.80 0.10 9.80 4.00 8.14 19.56 4.76 16.16 8.38 14.66 10.02 16.42 13.32 3.70 12.88 5.66 
13.98 18.62 16.02 4.88 0.20 8.84 1.50 2.28 18.62 5.74 4.04 16.70 19.02 8.06 5.50 17.78 11.62 8.46 2.64 11.52 8.08 1.30 18.54 10.80 14.46 6.94 3.94 13.62 0.04 14.66 11.06 17.96 16.66 18.66 6.64 5.76 17.58 8.00 4.96 15.84 0.74 6.40 19.30 17.88 0.60 18.78 13.20 15.94 16.04 5.66 2.54 1.32 3.82 1.66 15.08 12.34 13.44 16.20 6.52 0.28 14.90 4.26 16.48 13.66 6.88 7.50 6.24 1.44 6.44 12.64 2.60 19.30 6.06 12.36 11.18 15.02 12.26 2.40 5.94 4.00 4.94 9.64 8.14 0.02 8.28 5.64 6.68 13.68 15.16 2.26 6.86 11.46 1.22 7.40 14.02 10.62 0.46 5.18 15.96 17.02 
4.68 0.80 7.38 17.30 18.08 4.34 3.86 7.22 11.68 15.20 4.88 13.36 7.28 16.76 13.98 4.04 14.52 7.96 12.32 3.24 0.76 10.50 6.36 1.12 19.28 16.88 10.58 8.72 15.14 12.94 9.06 0.36 10.12 8.22 2.32 13.98 18.62 5.84 1.54 9.06 1.04 2.78 18.92 19.90 0.90 16.58 19.96 5.58 7.26 1.18 7.88 8.12 18.10 6.26 9.20 10.92 16.60 19.00 17.96 15.82 18.86 7.70 10.58 19.34 2.36 2.02 13.98 17.76 12.10 18.56 5.26 1.94 13.94 2.30 6.78 3.36 15.70 8.58 13.54 3.70 7.94 17.18 15.42 3.26 7.02 13.58 18.02 6.56 4.10 4.86 7.18 2.80 0.30 3.50 14.72 9.28 3.54 12.36 9.98 17.60 
4.32 7.00 0.14 17.98 13.50 5.32 16.20 0.32 4.02 10.78 15.00 10.42 3.30 11.78 1.58 17.10 4.44 8.32 5.32 11.80 8.54 7.24 4.42 17.32 11.62 9.82 10.26 0.36 7.26 12.46 10.84 0.50 6.20 2.70 3.06 6.60 11.28 11.40 9.32 1.14 8.32 10.36 15.44 2.00 7.50 2.48 15.18 3.48 19.12 15.96 9.88 10.04 10.56 13.36 18.88 6.28 13.52 17.04 3.86 15.08 6.32 16.76 5.82 0.34 12.18 17.88 0.70 13.52 17.42 2.38 5.04 0.78 16.12 6.28 17.76 5.24 7.68 9.54 13.88 9.98 6.22 3.62 8.86 3.44 19.24 3.26 11.86 17.36 12.58 18.66 11.10 5.96 8.72 7.22 2.94 8.06 3.46 18.58 8.04 2.58 
11.64 7.32 7.88 13.30 12.18 13.76 10.52 8.84 3.10 10.22 10.10 12.40 11.62 16.70 15.14 19.60 12.22 3.80 17.88 9.20 0.82 0.56 5.64 3.10 12.40 18.02 3.20 13.24 5.86 7.16 17.04 9.86 5.34 8.20 13.44 0.28 17.96 0.72 4.62 9.86 7.82 16.08 5.94 5.82 16.04 9.84 10.12 15.92 12.12 8.54 7.18 0.48 7.60 7.22 16.04 2.00 8.28 8.22 8.80 6.82 12.66 4.28 5.98 0.60 4.68 16.34 0.60 3.08 8.40 6.28 3.02 5.26 6.82 3.76 7.32 1.74 8.88 2.46 1.84 11.38 8.88 13.18 19.98 7.84 13.62 14.84 0.72 1.34 1.98 12.78 15.68 15.34 2.02 0.40 19.06 18.54 4.64 9.48 0.36 8.84 
15.88 11.16 13.18 18.56 15.66 8.68 7.30 1.74 1.88 8.66 18.56 16.10 18.08 16.74 2.30 2.54 17.48 1.48 10.52 0.98 4.06 1.72 0.08 16.46 19.30 6.72 6.32 17.98 4.28 19.50 11.14 0.48 11.48 9.88 12.48 11.48 13.68 12.20 8.42 17.30 12.46 11.60 7.72 8.28 5.38 18.50 13.52 16.10 4.10 4.14 9.40 9.78 18.56 17.56 9.22 5.72 14.02 15.46 14.12 8.28 12.66 1.08 11.02 0.26 13.52 15.20 16.56 10.72 0.72 11.72 14.30 6.12 6.92 12.40 10.24 8.82 6.90 0.56 15.54 4.60 5.84 12.70 2.94 13.84 0.36 0.84 6.26 4.68 1.70 19.72 15.84 1.04 16.22 10.68 16.38 17.48 13.36 4.24 0.46 19.84 
7.32 4.18 0.32 14.68 13.34 3.32 0.24 3.56 15.56 6.20 13.50 1.92 5.56 10.96 4.66 14.54 10.80 13.94 19.22 0.48 0.38 2.74 13.12 9.82 16.78 6.64 17.20 9.74 8.44 16.80 2.76 6.18 8.46 12.78 13.46 17.02 14.28 15.58 0.20 2.96 3.60 3.78 18.28 11.80 12.10 14.52 10.34 6.72 2.02 13.08 4.22 6.58 11.94 6.64 17.34 12.42 10.76 19.68 19.20 8.22 12.60 15.38 2.46 12.82 10.78 6.64 11.22 0.12 9.20 11.60 1.44 9.50 10.98 6.52 0.50 8.68 17.94 15.68 10.20 7.14 19.62 18.50 12.68 14.90 18.26 10.58 1.70 5.84 19.48 4.26 2.36 16.62 13.74 17.34 18.92 5.78 3.38 4.04 9.82 5.36 
16.78 11.52 19.98 2.56 9.80 17.94 6.30 17.38 9.26 5.26 8.90 2.62 14.00 12.86 12.88 9.30 1.96 8.36 13.38 3.58 0.22 0.52 6.28 14.14 8.60 8.98 4.62 6.04 2.14 8.54 11.38 16.36 6.78 4.42 17.92 10.94 14.84 12.88 4.66 1.66 18.10 1.36 3.56 8.76 10.08 17.86 15.38 10.38 2.10 15.56 16.48 5.80 8.54 17.10 12.04 12.00 4.86 11.50 0.70 16.88 17.36 8.50 0.38 3.26 11.84 13.84 0.00 2.92 9.98 4.42 16.40 11.56 6.92 15.08 9.52 8.22 5.72 19.00 12.86 1.56 14.56 16.04 14.94 11.94 1.54 4.44 10.80 14.16 0.64 8.98 5.62 16.16 15.28 9.70 19.10 13.28 9.06 7.78 15.78 3.92 
0.78 6.32 14.78 19.50 15.36 3.32 4.12 19.48 8.40 8.66 3.92 6.58 7.12 17.88 6.20 5.82 12.06 9.02 9.00 11.44 11.06 8.26 6.52 3.78 2.78 11.24 12.40 17.44 1.14 3.18 17.04 11.74 2.92 1.28 7.86 15.44 19.20 18.22 18.34 5.50 0.66 17.28 11.10 8.20 19.48 8.94 15.08 3.48 3.98 18.10 0.18 19.88 12.18 0.90 3.50 14.02 5.68 14.56 11.50 3.90 7.60 14.82 0.62 19.32 16.78 4.84 12.28 10.54 11.80 3.96 6.24 12.48 3.90 2.70 2.94 18.40 17.82 1.60 17.98 13.50 18.54 5.28 13.52 12.62 12.20 16.84 16.92 3.28 10.78 15.74 6.90 7.36 15.46 18.68 6.68 15.22 18.02 15.06 8.96 19.96 
17.56 10.16 2.42 8.68 10.76 7.90 10.42 9.72 14.40 17.28 7.68 19.92 1.62 6.74 8.90 15.76 19.92 0.38 7.40 2.52 1.02 10.90 0.52 5.02 19.88 19.82 2.36 11.46 14.02 17.82 10.16 14.28 7.78 12.42 17.26 13.34 16.00 16.78 7.18 18.10 1.56 0.06 8.38 17.80 2.06 18.16 8.70 18.04 0.40 17.66 18.88 5.10 14.54 5.02 6.90 8.62 4.48 14.58 0.72 9.18 16.62 17.84 8.44 9.84 8.76 9.84 0.18 5.74 15.92 18.10 4.24 6.88 10.96 10.08 11.16 11.20 11.02 2.32 16.18 4.26 8.00 6.60 14.46 19.56 16.96 13.66 13.64 3.10 11.46 17.36 5.24 11.68 0.62 5.46 17.06 7.86 12.20 9.30 0.62 4.18 
6.20 7.86 8.62 2.28 7.06 6.18 19.78 3.94 12.30 17.54 10.60 2.68 6.60 18.32 15.16 17.44 17.38 8.12 10.86 1.28 11.52 1.82 9.60 15.16 18.40 9.00 12.08 12.46 17.80 6.92 17.08 5.28 8.44 19.58 16.18 10.16 5.86 8.00 17.04 12.76 13.76 16.62 8.80 16.06 7.14 0.80 11.60 6.22 17.84 13.68 19.90 5.08 3.38 6.42 2.82 7.00 0.60 3.06 6.22 17.40 18.10 16.32 3.88 13.02 15.00 13.04 8.66 4.02 7.96 7.74 1.38 13.20 9.68 6.64 3.62 6.68 12.36 14.48 18.54 17.38 6.16 11.14 11.10 3.02 13.36 14.60 9.90 1.56 12.68 2.18 4.14 11.80 15.76 13.90 6.06 8.24 2.54 11.04 4.68 14.42 
16.80 1.10 3.82 7.96 4.12 19.42 8.82 5.16 18.84 9.64 2.32 19.52 2.48 11.48 0.74 14.08 4.38 19.34 17.82 3.72 17.66 10.54 9.56 14.50 2.88 11.08 11.84 7.92 3.94 14.54 15.18 9.80 11.34 7.84 15.54 7.86 5.42 2.64 0.68 13.00 6.38 15.94 11.18 6.48 9.28 13.70 17.12 7.68 5.04 2.04 16.78 9.74 14.78 17.12 13.88 7.42 12.78 3.42 13.24 4.66 8.80 5.78 12.62 18.38 3.64 11.76 15.50 15.42 1.58 1.70 6.30 9.16 4.50 13.74 18.54 10.60 14.78 16.02 5.82 10.30 8.20 16.06 7.14 16.00 4.12 6.76 16.58 17.60 13.86 6.80 4.52 16.26 2.50 9.82 4.72 1.68 11.24 10.12 8.86 1.00 
6.72 2.28 8.46 10.16 6.28 17.50 9.00 11.12 0.08 10.08 4.00 8.28 9.56 4.62 1.36 5.08 7.38 16.66 7.08 18.28 15.94 10.40 8.42 15.32 13.66 4.10 1.96 9.16 14.28 2.48 5.38 1.42 8.50 3.64 17.16 14.36 19.56 1.06 17.42 7.56 19.56 8.50 13.96 16.82 15.86 3.08 11.74 19.54 14.62 8.92 18.44 18.48 18.62 16.90 0.36 8.98 0.18 6.44 9.58 4.28 7.28 9.08 8.48 11.36 6.72 12.54 17.74 19.78 5.20 14.94 10.84 8.18 5.02 15.56 5.78 5.56 12.82 15.86 13.20 13.20 6.88 8.50 2.52 11.76 12.14 19.26 0.58 18.62 3.84 10.90 13.38 11.88 15.84 8.66 4.66 17.16 12.66 7.92 5.78 5.96 
12.76 5.46 3.18 3.56 3.20 11.10 19.02 10.30 2.98 17.60 11.66 10.12 5.10 17.02 16.94 13.58 0.38 4.84 4.12 9.80 3.34 2.24 9.96 16.86 8.04 5.56 3.16 3.28 19.74 6.28 18.52 9.44 3.42 5.98 12.96 15.32 16.86 17.66 13.82 1.14 3.22 8.92 7.76 0.98 14.70 12.22 13.52 17.56 16.08 16.14 18.60 2.18 15.88 18.18 10.88 4.22 10.60 16.54 16.24 1.28 14.90 17.76 12.92 3.24 10.16 10.04 13.86 9.76 19.40 0.76 0.76 16.92 12.02 16.58 5.88 7.24 16.58 3.14 18.52 0.56 18.48 18.76 0.10 9.50 17.28 10.26 11.08 10.38 19.78 6.86 9.58 11.48 1.30 2.90 0.44 10.16 5.14 16.28 8.20 6.66 
12.90 12.44 0.22 15.90 16.58 8.12 18.76 2.72 13.68 11.04 14.40 6.60 3.10 6.10 16.70 19.70 10.58 12.54 11.44 15.90 17.12 5.92 13.34 7.08 1.70 0.12 8.36 19.74 4.44 15.68 13.22 13.24 19.86 7.94 0.68 13.02 9.60 10.86 17.28 2.78 4.02 5.92 13.28 19.62 13.78 11.20 10.12 5.10 13.14 8.82 5.34 9.46 19.84 12.26 3.42 10.96 13.22 13.94 17.86 19.26 0.02 10.32 10.40 13.10 18.22 5.70 6.18 13.18 5.88 5.52 15.78 11.24 9.36 8.86 12.00 14.98 7.12 15.34 5.06 12.62 12.42 7.74 19.62 13.26 16.14 18.10 3.20 14.96 2.76 13.80 8.66 8.42 8.96 14.48 7.52 0.18 10.10 0.40 2.98 11.08 
8.74 4.16 2.64 14.56 10.18 9.96 18.94 19.96 19.00 3.80 16.58 4.14 19.94 16.46 19.40 19.58 15.18 3.24 15.64 11.86 13.74 13.74 0.26 7.90 9.90 7.40 3.68 7.94 13.90 19.34 15.32 7.22 16.06 2.60 6.50 13.98 16.44 12.08 2.22 12.86 3.56 18.38 5.36 16.86 14.16 2.18 7.24 8.86 1.78 8.60 15.78 9.76 13.62 2.64 19.98 11.80 16.94 8.20 7.28 3.60 10.06 11.96 0.38 10.38 16.20 17.28 7.52 4.94 4.48 10.16 9.90 11.20 14.24 17.02 10.62 13.88 1.50 12.08 6.34 19.00 6.00 18.88 13.64 19.30 12.62 15.16 7.42 13.82 0.48 2.62 16.74 17.32 10.22 2.56 12.20 16.34 3.74 16.68 4.30 14.18 
10.00 16.44 11.48 18.46 17.24 10.30 11.36 14.64 6.18 1.42 17.94 16.00 17.44 5.06 17.46 3.14 3.28 13.60 5.78 17.26 5.68 11.74 14.22 16.58 19.94 16.28 5.02 12.88 4.74 17.04 6.18 4.48 6.80 1.12 11.24 19.86 7.26 4.86 5.06 15.62 18.40 19.82 2.80 15.90 14.24 16.10 7.44 18.30 11.20 10.10 9.64 18.98 17.90 12.74 2.20 15.66 4.94 8.18 5.52 1.28 2.10 12.66 0.66 16.88 1.92 19.02 3.20 16.88 15.32 3.90 14.52 11.06 11.06 5.76 16.86 8.20 16.92 10.10 9.72 0.92 6.72 19.96 19.58 17.06 5.62 1.54 12.96 10.08 10.82 5.64 4.34 3.94 10.40 10.52 6.62 0.52 16.38 11.62 17.64 10.68 
19.04 14.50 12.56 3.80 15.02 19.20 11.06 10.36 17.04 15.10 0.88 3.60 7.56 15.24 13.12 12.30 10.46 7.30 0.92 6.22 6.42 13.86 16.66 8.52 10.64 19.52 2.54 0.12 2.24 15.08 9.38 4.16 5.12 11.96 14.46 16.04 2.94 2.64 5.24 3.86 10.42 9.08 12.80 15.44 2.60 9.44 2.74 13.62 14.60 9.12 7.90 16.00 0.46 14.68 1.98 18.24 14.76 4.00 0.44 10.86 5.60 3.86 17.52 13.12 14.04 11.10 8.60 10.40 11.48 0.08 6.22 1.46 5.38 9.62 7.84 14.52 6.54 2.62 10.08 17.24 15.32 4.44 11.30 6.58 1.94 8.42 12.96 18.62 9.88 11.90 14.90 11.04 5.48 19.98 7.06 16.06 17.12 14.44 14.60 10.90 
12.14 4.34 0.06 15.78 15.56 2.94 14.48 2.98 15.74 17.36 7.20 9.68 16.96 19.50 5.02 15.18 13.94 9.18 3.56 10.48 12.32 7.14 17.78 2.24 18.90 18.04 1.92 12.82 15.72 7.44 19.66 14.06 0.58 2.64 8.32 19.32 7.60 2.32 13.38 14.80 14.92 15.34 14.08 4.58 10.04 11.86 3.56 19.06 10.88 3.06 6.12 19.38 1.30 16.70 8.10 6.96 1.94 16.00 19.82 2.12 12.86 10.64 2.68 0.14 14.46 10.26 18.68 5.66 13.48 6.12 3.68 6.04 4.88 4.74 3.20 3.42 7.70 14.62 18.68 10.36 9.48 19.84 7.72 11.20 2.64 2.00 7.34 14.08 16.64 1.58 18.58 7.92 6.92 18.68 16.22 14.34 9.80 2.50 19.44 2.12 
17.82 5.06 19.94 17.60 1.42 8.18 0.28 10.00 9.34 12.88 19.16 6.30 2.98 7.66 15.60 4.28 11.96 4.70 10.32 1.54 14.16 4.38 4.30 4.50 17.80 16.44 16.40 8.22 5.80 14.70 8.44 3.70 9.76 9.24 9.20 0.76 15.08 1.50 12.08 8.72 1.66 1.86 3.46 4.16 9.10 1.06 1.84 7.64 7.78 17.16 1.22 7.02 3.82 3.66 10.92 10.54 15.20 1.98 10.78 11.02 8.30 0.68 5.86 18.24 9.66 4.28 18.62 15.14 1.92 13.22 10.62 16.82 6.76 17.30 15.04 11.66 1.46 12.06 16.98 15.74 4.40 7.06 5.10 15.84 18.16 2.02 1.68 1.90 19.28 6.50 13.92 1.26 1.56 19.18 1.32 13.14 0.60 7.12 3.40 9.26 
15.48 14.60 4.06 0.28 7.70 7.46 10.96 2.12 14.38 14.66 3.02 9.44 14.48 6.78 4.90 16.62 4.08 14.50 2.02 13.24 3.40 1.30 1.04 8.24 18.84 18.62 5.14 13.18 14.62 11.26 5.20 13.76 9.48 10.52 4.22 3.66 1.24 17.40 12.94 4.84 11.38 12.30 15.36 13.36 11.40 16.96 13.66 14.48 9.86 3.58 14.22 18.56 9.42 1.52 9.44 13.78 1.12 10.04 13.58 19.80 3.74 11.42 10.86 17.04 1.80 1.08 0.86 3.78 7.80 14.98 11.64 0.60 7.12 18.70 3.96 19.54 1.44 14.72 12.24 11.84 18.44 9.82 3.66 0.42 4.90 17.08 17.88 3.84 14.78 18.20 18.36 1.68 5.68 17.58 1.50 13.68 9.38 3.78 12.46 17.12 
8.84 8.90 13.70 12.18 12.78 1.88 3.70 7.34 15.70 16.16 2.40 6.74 16.40 8.22 6.72 18.12 12.98 0.36 13.78 0.44 17.34 0.94 10.30 6.66 14.52 8.62 2.14 15.28 4.02 6.42 3.64 11.12 1.30 8.74 1.62 19.88 15.14 1.26 3.74 9.92 11.70 3.54 5.32 18.76 9.24 0.22 10.32 4.68 4.10 0.92 18.42 3.50 2.06 6.76 7.10 4.84 5.86 15.32 1.50 13.92 19.38 0.90 19.36 9.40 19.44 16.88 16.66 12.30 18.92 8.10 6.22 16.68 14.90 6.62 15.36 12.62 12.48 11.54 13.08 2.58 0.36 17.26 19.92 12.82 10.96 0.44 15.14 13.34 6.98 2.80 12.42 8.26 18.90 7.44 5.62 0.56 13.94 2.36 14.50 2.04 
2.92 19.12 3.84 2.42 9.84 8.68 19.44 9.16 8.88 5.56 18.16 8.38 1.84 15.32 4.18 0.08 6.18 7.14 15.68 12.02 1.68 2.46 2.50 2.10 14.68 19.72 6.80 1.08 18.26 6.80 3.90 16.54 19.48 13.26 6.82 12.50 11.16 6.98 11.62 14.08 1.70 2.54 7.74 16.18 5.44 4.12 13.62 1.08 10.18 4.44 4.88 0.78 19.82 3.42 5.22 5.68 7.58 0.62 9.84 1.86 12.18 12.12 18.14 14.02 7.44 1.64 8.88 14.54 4.30 17.50 13.12 14.14 13.78 14.40 9.08 9.94 5.78 18.34 4.02 17.78 4.12 12.70 18.24 8.02 1.74 13.22 1.38 9.36 18.08 18.66 4.76 8.68 12.72 0.36 9.54 14.46 8.82 0.92 2.40 6.36 
6.00 14.30 7.76 11.02 2.94 5.40 2.26 14.42 8.52 17.66 8.94 0.76 15.04 13.68 9.02 0.62 7.44 18.24 1.04 0.06 18.28 15.18 12.02 6.50 2.24 15.42 16.56 15.62 18.78 19.48 12.62 10.26 14.60 13.32 2.86 2.68 3.12 8.30 19.60 15.32 5.84 13.36 2.32 1.40 1.36 7.28 10.88 5.06 0.32 13.34 15.72 10.16 15.00 12.24 6.52 17.48 3.90 16.60 14.14 4.26 19.20 7.24 1.22 3.60 0.08 10.50 5.32 2.44 1.70 6.44 6.70 17.86 4.22 11.58 8.78 4.48 6.98 16.42 14.56 9.92 16.02 11.12 11.10 9.06 13.76 11.18 8.18 2.90 14.28 14.32 16.66 12.38 5.88 18.34 8.74 15.78 3.78 4.56 3.28 5.38 
2.76 11.34 15.02 14.48 14.54 3.76 11.96 10.58 13.86 10.30 8.82 19.84 5.76 0.46 10.04 7.24 13.74 11.90 9.08 19.02 3.34 17.68 3.96 8.40 19.00 17.22 6.38 1.52 18.06 14.02 3.18 12.60 6.42 6.08 16.28 11.16 14.36 13.86 10.56 18.74 3.18 15.74 15.44 10.60 4.54 4.78 16.04 2.94 4.00 2.78 7.48 16.50 11.60 3.94 0.12 13.68 7.34 17.78 6.80 0.38 15.52 18.82 11.98 2.92 14.08 4.42 8.34 2.74 12.52 12.66 12.46 19.06 14.98 6.74 8.44 15.66 14.14 9.44 7.00 1.40 10.40 11.50 18.22 13.90 14.62 0.00 15.26 13.94 15.88 5.90 4.12 12.80 18.24 16.36 15.08 2.08 9.86 15.56 2.78 6.92 
5.96 8.90 16.64 5.56 16.22 2.24 7.32 14.00 10.80 8.78 9.56 16.76 3.80 6.28 9.96 14.94 4.76 5.90 0.14 15.72 7.02 14.96 13.06 2.24 16.52 1.94 19.42 19.76 7.82 4.66 4.22 7.22 18.86 7.54 13.00 18.90 7.52 2.14 14.54 9.32 7.74 2.66 3.56 6.40 19.08 18.08 18.90 19.46 0.10 10.08 3.68 18.14 5.12 4.74 17.18 13.78 7.50 3.70 12.02 3.90 15.42 19.00 11.08 14.64 14.06 4.76 10.00 9.32 18.34 11.46 7.10 10.48 2.44 12.22 7.18 7.92 15.32 13.32 9.26 18.36 10.78 6.82 3.36 9.44 14.84 13.44 16.36 19.12 3.70 2.06 3.96 2.78 2.88 9.88 8.12 18.30 6.56 10.08 0.44 9.66 
0.66 2.68 12.32 3.36 18.62 5.40 12.18 8.78 6.94 7.40 10.40 2.34 12.48 5.48 18.50 18.90 2.74 12.84 3.26 17.70 1.00 3.46 9.70 4.64 8.54 0.22 0.62 14.70 9.66 5.36 14.76 8.42 11.12 6.40 17.62 3.96 13.02 1.62 19.84 18.38 15.78 8.96 0.42 14.42 17.24 1.74 16.52 13.56 12.50 16.88 19.06 4.34 16.62 18.76 11.76 4.82 10.26 7.88 0.16 6.04 2.88 10.74 12.54 12.80 11.88 0.10 4.64 2.96 17.08 6.16 7.00 12.80 14.32 4.68 6.66 16.32 11.52 0.84 1.96 10.24 3.76 13.18 18.32 13.06 6.92 15.88 0.96 10.54 12.94 14.62 11.98 17.18 12.64 7.64 1.72 12.06 19.76 5.12 17.26 11.44 
3.04 3.78 12.70 2.12 9.90 14.94 12.60 18.60 11.50 2.64 18.46 12.54 4.20 7.94 12.88 7.40 14.66 17.10 1.74 13.30 1.84 10.90 14.18 1.54 14.78 8.54 15.84 10.72 14.04 1.86 14.06 18.06 5.28 1.96 15.08 10.24 19.82 10.14 1.52 4.84 5.72 18.80 13.62 2.86 5.44 13.94 5.02 6.88 16.38 10.62 13.24 18.68 12.12 6.16 18.34 5.84 9.66 3.86 19.00 1.98 12.72 13.20 14.60 7.54 5.94 13.54 8.74 17.44 7.66 17.70 6.84 19.30 14.86 11.80 16.78 19.62 12.28 11.86 19.72 19.94 19.32 6.70 15.46 3.94 4.24 15.02 1.84 3.50 19.34 15.74 8.88 11.12 7.30 6.04 10.06 10.40 15.74 8.72 12.50 15.30 
10.42 9.74 18.94 8.76 18.94 5.94 19.62 9.50 15.48 14.72 6.06 13.06 18.12 8.28 11.00 13.00 15.54 9.12 1.94 7.10 17.10 8.74 7.52 19.16 6.08 1.20 7.96 14.12 19.18 6.70 17.48 4.38 6.80 1.60 18.82 8.00 1.66 0.32 9.74 4.76 18.10 5.46 17.68 6.38 1.50 5.88 12.14 19.20 17.66 4.54 1.40 9.48 19.18 7.56 10.16 16.26 16.04 1.38 1.04 5.56 14.86 16.56 5.66 4.42 16.52 10.80 8.26 19.06 2.06 13.74 7.06 15.56 5.26 17.88 2.56 5.58 18.32 7.10 3.20 5.44 10.12 15.12 15.70 3.84 8.90 11.66 1.66 15.60 13.08 7.34 10.16 14.76 0.24 17.78 8.72 7.04 0.48 7.04 6.64 14.52 
3.48 11.60 13.10 7.60 7.60 10.66 11.78 19.92 13.84 10.62 8.54 12.04 19.78 1.36 11.98 12.46 2.84 16.88 11.24 17.06 10.92 12.36 11.54 10.04 11.48 10.10 17.40 1.18 12.14 2.60 4.46 14.42 9.66 4.60 3.24 14.48 8.04 4.70 17.46 16.92 5.38 14.46 15.68 2.10 16.48 4.96 9.60 14.44 9.52 13.94 14.74 11.06 18.50 4.84 18.02 14.36 7.72 2.90 11.16 0.96 9.78 13.64 3.50 7.14 18.30 9.72 11.82 15.52 2.18 13.48 9.94 3.10 7.96 8.82 3.96 14.48 14.54 19.34 12.36 2.18 10.20 13.96 14.88 12.50 15.82 9.16 4.40 13.24 10.40 13.90 18.22 6.18 19.90 2.08 13.46 4.00 1.68 2.72 0.06 8.32 
2.20 16.80 3.92 1.26 19.68 3.42 8.64 14.32 10.36 5.50 2.26 16.66 11.90 10.94 9.60 14.76 18.28 14.60 7.10 3.66 7.26 7.56 16.10 5.46 1.42 8.30 15.52 17.80 4.70 12.96 17.00 6.64 14.26 7.66 3.86 13.84 16.74 19.18 10.16 11.18 6.02 3.84 5.10 11.62 2.90 11.12 17.98 13.76 19.76 2.68 7.80 14.62 10.94 2.68 2.42 11.82 1.20 4.44 2.30 15.04 10.08 10.04 3.26 13.20 19.42 2.28 18.58 2.88 8.42 14.42 19.08 14.76 8.90 11.60 17.44 16.54 0.24 19.36 14.26 12.14 3.86 2.58 11.26 8.78 2.68 19.56 6.20 1.04 10.28 18.44 4.52 12.20 0.92 12.26 7.64 17.68 8.12 3.44 14.84 16.08 
1.64 15.46 6.24 18.12 17.30 15.94 5.50 8.42 19.74 12.46 19.72 13.48 13.98 4.64 7.40 15.64 10.44 16.68 9.42 2.30 11.30 18.82 14.40 5.58 10.44 7.30 6.78 9.74 18.02 7.00 0.12 9.34 5.38 1.78 8.26 18.58 2.06 12.92 5.48 2.40 18.04 9.40 2.36 16.62 11.72 2.40 7.30 5.84 12.00 6.72 9.10 11.72 6.98 10.10 15.64 5.12 9.08 14.60 17.46 17.10 5.60 1.46 4.68 15.60 4.92 15.46 18.66 6.16 14.26 1.94 15.64 11.26 17.10 8.60 14.62 0.00 13.84 12.48 3.54 16.92 12.78 2.08 9.76 18.32 19.40 8.92 9.92 2.10 18.74 19.92 12.06 18.70 1.04 10.96 12.50 9.90 15.70 5.28 14.10 9.52 
8.90 5.98 9.90 3.68 0.90 2.00 18.80 6.26 17.80 2.90 4.58 0.40 8.40 19.80 16.14 12.46 10.56 11.02 10.26 0.46 4.40 11.58 6.70 2.98 16.78 11.34 11.60 0.90 7.02 15.10 6.18 9.66 14.50 7.70 3.30 11.34 14.36 16.30 10.58 16.62 5.76 19.46 13.32 0.16 2.02 16.16 16.46 7.08 13.76 18.68 10.86 2.22 12.92 8.96 12.38 1.28 19.52 9.42 13.38 18.72 5.62 6.78 8.62 10.98 18.96 10.90 18.82 14.90 14.54 10.98 10.28 5.62 17.06 0.50 19.72 12.12 6.36 0.30 6.02 1.38 6.04 18.98 3.66 16.48 9.22 12.74 18.98 6.10 15.76 15.58 11.10 8.94 8.76 7.58 9.74 0.12 1.12 18.08 6.08 18.78 
4.24 3.30 12.02 5.78 19.30 9.64 17.72 15.32 0.76 17.80 1.16 17.06 11.74 2.84 11.44 2.40 19.58 7.14 2.16 4.74 0.78 19.32 7.54 3.22 17.36 11.82 0.42 2.22 18.62 13.34 1.52 4.66 17.62 10.34 0.88 12.40 7.86 16.92 16.12 4.26 12.62 13.26 13.58 17.28 6.96 14.68 7.74 15.94 12.30 4.14 3.10 17.82 1.32 18.30 1.78 15.96 18.66 7.36 7.44 4.80 1.58 1.30 0.32 14.02 8.32 17.90 7.84 18.40 4.02 17.96 13.74 12.60 13.90 2.72 15.24 17.96 15.00 2.72 13.24 10.54 5.64 19.68 11.24 12.88 1.54 10.40 5.16 17.42 8.84 16.12 2.12 19.36 2.42 11.46 9.90 9.40 9.70 6.40 12.64 9.22 
1.48 1.54 8.64 18.20 2.24 5.18 3.38 1.94 3.04 0.12 18.88 1.36 12.90 11.72 19.82 3.16 2.70 19.00 16.30 13.24 5.26 19.34 14.50 10.28 11.62 18.38 15.10 4.34 17.38 3.72 4.56 7.96 11.54 15.16 11.56 19.48 16.94 3.86 16.12 5.46 9.52 6.72 5.58 3.74 14.96 10.36 4.28 1.40 6.22 1.58 5.32 0.12 18.50 17.20 2.76 1.60 9.46 7.68 5.02 12.48 4.12 15.02 11.06 0.34 16.60 19.00 13.30 13.08 19.60 6.74 8.44 7.44 12.82 1.58 10.64 15.10 9.92 9.82 13.72 18.74 10.32 11.34 17.20 7.96 14.30 12.86 8.16 11.12 3.98 17.48 11.34 5.16 16.82 19.42 4.34 9.94 2.44 17.90 16.60 2.84 
9.68 16.64 18.40 11.16 10.72 16.08 10.70 10.92 10.08 12.46 5.00 18.60 10.14 2.20 4.28 18.28 15.04 11.02 5.28 2.26 4.66 5.74 8.58 8.06 5.94 3.80 15.76 13.42 18.76 1.70 1.78 10.24 4.56 0.72 13.96 8.62 1.12 17.88 11.46 4.52 16.14 14.64 10.00 15.82 11.42 6.88 17.84 8.98 11.16 0.86 17.66 3.44 2.38 13.28 5.70 6.56 17.06 3.38 8.14 5.88 18.34 3.70 16.74 15.92 14.70 9.40 10.02 17.44 13.54 15.46 13.96 0.54 18.80 4.68 5.54 10.68 7.70 18.26 8.92 15.36 12.24 13.50 8.94 4.94 5.18 12.46 19.46 9.98 14.82 19.34 15.98 6.22 4.80 7.34 1.10 2.84 3.30 14.80 5.96 0.36 
1.78 13.44 7.52 12.32 17.36 2.64 16.32 8.20 10.92 3.88 8.20 17.60 7.98 3.88 19.16 3.56 0.24 11.48 19.58 4.64 9.00 3.44 3.64 12.70 18.72 11.04 14.36 10.46 0.88 18.62 13.50 17.30 7.56 8.60 19.26 13.20 5.90 12.12 0.74 12.32 5.68 3.72 15.10 4.50 8.74 7.08 16.76 4.62 11.72 4.68 15.18 5.74 12.98 19.40 11.18 18.42 12.38 1.38 18.30 10.44 4.54 19.40 5.00 19.98 5.16 16.48 10.40 11.50 16.48 14.02 9.56 5.30 16.98 1.06 5.86 3.46 16.08 19.18 15.66 11.66 4.68 18.10 13.22 18.02 4.38 11.54 18.42 16.96 3.00 4.30 3.50 13.66 11.98 9.32 12.12 19.20 17.10 18.94 9.10 19.40 
9.76 12.22 7.50 2.14 1.42 16.74 11.00 6.96 12.82 12.38 8.00 13.72 4.94 1.18 18.40 15.38 18.02 10.08 16.56 8.22 14.44 4.62 10.00 18.46 0.44 10.46 4.88 14.58 10.82 2.14 9.92 5.68 2.76 1.22 7.68 10.08 11.92 16.40 11.76 5.22 3.16 14.84 2.00 0.24 5.18 13.86 4.66 9.18 1.18 3.54 17.98 14.04 17.50 3.80 12.06 10.32 0.12 0.40 1.12 16.98 6.32 15.36 9.98 2.20 4.04 5.76 9.04 3.20 6.04 1.04 5.60 15.30 12.20 4.72 15.54 13.32 6.72 19.54 8.48 15.48 0.94 8.10 13.70 14.24 18.68 5.72 17.08 2.80 12.70 17.38 16.32 13.44 5.00 0.60 11.78 14.26 5.94 2.34 6.54 2.06 
7.72 10.82 11.16 16.44 15.62 8.86 14.74 7.88 7.62 13.66 13.68 10.98 14.08 3.82 8.86 12.42 7.42 0.88 8.78 9.84 4.36 14.90 3.86 4.70 9.28 2.70 2.58 4.84 4.32 12.78 4.30 8.48 12.64 12.00 1.96 1.76 8.80 15.74 8.36 9.16 6.56 18.06 17.94 7.98 8.96 7.94 6.06 2.12 11.98 18.68 4.28 19.36 3.64 15.72 15.64 5.36 3.38 10.28 0.46 2.54 15.36 19.60 1.70 5.34 6.94 17.06 19.52 16.34 5.86 13.14 7.16 17.84 12.96 10.94 10.88 17.98 9.86 15.02 6.60 2.86 13.74 17.86 15.52 18.26 14.20 15.42 13.04 16.50 5.08 17.44 17.04 3.46 19.78 13.52 2.18 11.42 9.60 8.10 15.58 11.54 
18.52 19.94 18.98 12.84 12.90 2.64 13.94 14.22 13.50 14.10 19.58 16.36 9.96 5.34 4.80 18.60 12.10 5.18 18.44 1.02 18.52 15.96 6.82 16.90 4.22 2.78 15.22 1.50 8.30 13.38 13.34 5.66 4.52 2.66 9.10 1.58 1.22 7.04 11.68 2.98 7.78 12.76 8.92 12.76 15.28 13.02 4.30 15.34 18.14 4.38 16.88 11.44 17.94 8.44 13.20 4.80 9.88 14.44 0.88 1.32 18.74 7.08 17.94 1.06 16.06 6.28 15.92 7.90 9.52 18.68 4.88 13.76 3.00 18.26 8.26 17.00 11.40 3.00 9.98 5.12 14.62 12.30 18.34 0.34 12.54 11.92 1.00 5.06 18.62 17.72 7.54 7.70 17.52 2.34 6.06 7.40 17.80 9.56 12.08 7.46 
0.24 5.60 15.26 18.32 5.00 5.38 13.72 5.24 15.62 10.76 19.44 16.64 17.20 9.44 10.30 3.40 2.28 2.42 5.86 8.78 5.98 19.12 12.24 3.84 18.54 7.30 4.66 1.34 4.72 14.80 1.06 0.90 16.80 7.92 11.78 8.40 0.94 1.52 4.64 1.36 17.66 16.84 3.96 2.16 11.36 18.34 10.64 4.88 14.72 10.04 10.04 1.16 11.82 19.72 14.20 19.54 2.92 14.60 8.90 12.62 9.74 2.14 19.04 14.34 19.58 12.02 8.64 2.44 7.00 18.54 2.14 3.52 15.12 16.46 4.72 0.46 3.52 13.70 11.12 15.92 12.86 14.78 15.06 16.34 17.98 4.22 11.00 6.58 12.38 13.90 9.10 6.24 11.10 18.16 12.18 17.62 18.16 10.48 4.90 11.00 
8.68 1.62 15.52 10.82 17.30 17.50 3.18 1.14 17.20 12.14 1.02 15.16 4.06 13.08 0.76 16.00 3.34 12.08 7.74 19.18 16.24 17.66 16.86 11.28 9.50 9.06 19.40 10.12 9.34 17.76 15.68 11.18 3.00 5.06 6.70 0.04 7.82 16.60 15.50 0.04 3.74 11.18 1.32 2.12 19.86 5.10 1.26 1.90 6.06 0.50 9.16 9.50 1.80 10.16 0.52 5.74 4.96 8.22 10.38 4.06 11.34 11.56 5.12 19.54 13.36 5.08 2.38 2.48 15.40 3.54 1.16 16.30 17.80 7.92 19.20 13.04 16.94 12.64 7.38 12.14 3.16 9.46 4.50 8.24 18.34 9.64 19.42 8.02 3.62 8.30 9.02 15.46 3.98 9.84 10.96 14.30 6.34 19.50 4.26 10.80 
3.48 3.76 15.78 0.48 7.70 7.00 13.06 9.44 8.98 17.86 5.70 11.24 17.30 18.68 15.36 0.36 4.64 13.72 7.64 4.36 4.00 7.64 12.42 12.66 4.80 13.52 10.60 15.92 0.90 4.48 7.00 6.02 8.12 9.04 18.00 4.18 10.54 8.12 17.70 9.08 19.62 12.48 4.40 4.16 0.84 6.42 16.40 5.80 9.88 18.02 16.58 2.98 13.36 1.32 15.04 12.36 11.26 5.10 19.00 16.88 19.90 18.00 14.18 14.54 14.54 6.60 0.48 0.86 1.92 2.88 0.08 9.62 6.46 8.04 15.56 4.06 7.28 0.46 19.00 15.34 18.30 17.88 6.94 4.28 3.60 6.46 8.34 13.34 19.00 12.64 8.12 9.96 13.78 0.64 2.06 5.30 2.16 16.06 15.14 8.14 
10.64 11.24 15.44 14.88 5.94 16.52 4.28 3.84 19.74 10.80 7.76 11.44 7.10 3.46 19.62 17.56 16.96 12.12 5.88 17.72 6.00 9.74 18.04 5.70 6.54 2.88 1.34 16.98 8.08 4.92 2.42 1.28 8.06 7.32 13.72 13.54 9.34 11.86 14.28 1.66 6.88 14.50 19.80 4.38 8.04 17.86 16.00 13.84 11.64 3.66 3.72 9.66 12.82 1.08 9.70 8.30 14.06 9.80 6.68 5.22 19.18 12.14 14.82 8.04 2.16 4.66 6.52 0.54 19.84 2.08 0.22 10.20 16.06 2.28 17.18 13.16 2.50 8.56 17.08 5.26 16.92 11.36 6.24 1.98 8.94 3.64 9.22 0.72 4.50 12.36 4.24 0.08 2.74 9.72 4.48 14.92 6.56 11.02 4.24 11.04 
0.42 2.28 16.72 19.70 13.76 17.28 1.94 1.78 0.06 2.04 11.98 0.64 8.28 13.80 7.28 19.90 14.88 13.74 14.04 8.30 11.22 15.88 6.96 3.38 5.38 12.88 4.90 14.64 14.06 2.48 13.84 16.88 3.00 18.02 13.88 4.88 3.18 15.70 4.26 0.40 10.60 11.58 5.54 7.44 12.24 5.36 16.90 12.78 10.64 9.70 10.48 11.48 7.74 15.32 7.96 16.26 10.80 8.08 16.82 5.02 5.16 7.18 6.88 15.78 8.40 9.76 9.56 5.74 9.20 19.20 13.42 1.66 19.84 8.28 14.92 10.02 10.78 18.52 3.20 3.18 19.86 0.18 13.08 17.06 15.10 7.64 1.58 6.80 5.84 9.46 8.32 9.22 1.18 8.36 7.88 2.92 7.44 7.78 8.22 12.10 
0.64 9.64 1.54 2.04 18.60 5.26 5.56 14.20 15.80 10.24 19.80 3.54 0.26 8.34 15.58 18.56 11.46 10.98 2.42 7.64 5.12 13.36 18.90 7.08 12.34 16.86 13.20 15.22 12.98 7.86 16.44 2.02 19.64 15.38 10.44 18.40 15.30 5.14 16.12 8.26 3.18 3.18 8.60 10.56 9.88 1.54 3.46 15.22 13.84 0.92 12.34 13.78 4.12 1.10 17.86 8.16 10.34 3.28 10.26 18.18 13.08 17.66 5.12 4.04 8.44 19.82 11.16 9.38 2.18 0.60 2.60 10.08 16.62 11.00 7.92 7.04 19.46 16.88 18.16 19.94 2.42 13.60 5.24 10.32 11.00 0.04 6.68 15.74 16.00 19.28 7.14 5.30 15.00 3.88 8.22 13.16 3.36 1.72 6.62 12.18 
5.02 18.22 11.58 10.86 11.24 18.44 16.04 1.24 0.84 12.38 3.02 5.98 16.74 5.84 19.78 0.50 6.64 12.62 15.68 12.44 11.36 18.54 2.56 0.04 10.40 9.92 8.24 10.86 6.10 17.56 6.84 4.12 6.20 15.56 12.74 4.92 7.04 5.60 0.20 14.08 1.26 13.84 0.68 2.50 14.44 2.18 9.96 3.54 3.36 3.88 4.68 16.96 6.84 7.14 6.30 10.44 11.42 14.54 18.30 18.70 2.20 15.84 7.40 19.48 11.52 1.32 0.32 15.96 2.04 6.82 0.86 3.56 13.78 7.56 12.32 8.98 2.16 18.96 3.68 12.84 12.16 16.96 17.98 2.24 13.00 13.38 19.94 6.20 7.94 0.88 10.78 15.94 16.88 13.26 0.54 11.34 10.38 8.88 13.78 9.66 
15.16 13.98 1.52 17.08 13.76 8.46 8.44 18.38 8.70 15.18 19.04 3.98 8.48 6.90 3.20 4.96 7.06 7.00 8.08 8.40 15.58 6.56 2.82 10.90 18.12 3.02 9.28 8.50 19.44 12.84 7.76 2.52 8.94 14.26 13.72 1.14 11.20 14.22 1.18 19.24 10.48 0.56 8.66 3.08 6.36 2.66 4.64 16.40 4.20 17.98 9.84 1.86 5.02 4.10 8.14 16.10 16.92 4.82 14.40 17.52 0.04 18.90 0.94 17.10 2.00 12.28 7.62 18.70 9.20 14.96 8.58 6.48 19.26 10.26 1.88 4.98 11.20 7.34 0.38 4.42 3.74 4.60 0.90 0.02 2.14 2.36 5.90 17.38 14.96 7.14 4.26 19.72 18.76 16.92 14.18 13.64 1.26 6.80 17.92 4.06 
18.42 8.60 0.12 11.10 2.02 16.82 14.76 11.68 1.14 6.48 13.84 17.08 19.90 1.20 15.70 12.32 9.24 18.50 15.76 6.66 9.40 11.14 17.52 13.48 1.88 7.20 7.80 7.78 3.90 11.78 15.08 5.40 17.58 12.06 14.16 18.76 3.36 8.90 18.02 0.76 6.70 14.76 9.32 17.36 7.48 15.16 0.36 4.26 17.28 10.70 9.98 8.76 5.04 6.72 8.94 11.34 13.04 9.82 7.94 4.94 19.12 12.02 12.00 4.88 9.94 18.00 16.90 7.10 19.86 7.00 12.94 13.96 19.22 10.76 1.68 19.26 12.20 3.48 5.64 0.08 19.12 1.58 11.84 11.74 3.72 10.52 7.74 2.42 4.64 7.46 12.18 0.68 19.68 3.06 16.18 6.18 5.72 7.34 13.02 11.86 
16.94 6.18 5.06 15.70 17.60 10.02 10.26 15.30 15.88 18.74 10.50 17.90 13.78 2.30 10.98 11.40 0.88 15.76 19.10 9.78 12.60 11.12 4.06 17.76 13.16 5.74 17.06 19.84 0.76 7.56 17.98 11.96 17.84 15.68 5.76 11.88 3.60 6.12 6.84 5.26 6.36 14.58 6.10 7.46 11.70 7.46 5.10 19.34 19.60 4.16 18.50 12.90 4.80 19.26 7.04 9.12 3.02 5.04 18.94 16.00 0.94 6.56 1.90 3.30 14.96 5.50 11.84 18.56 15.84 10.28 7.72 16.30 2.12 0.56 9.92 0.50 11.06 10.52 18.56 5.00 11.74 9.76 8.82 5.22 12.84 0.02 7.42 17.56 9.40 3.54 9.22 14.88 2.78 12.30 15.12 11.46 13.44 9.96 12.86 10.80 
12.00 18.82 0.14 4.36 1.84 16.50 0.60 3.74 15.10 10.10 7.50 1.54 16.34 4.66 10.60 16.78 17.42 6.74 16.36 1.46 19.70 19.14 12.00 4.62 19.98 8.14 5.40 13.12 16.90 18.22 16.44 1.66 9.78 19.08 12.54 6.98 8.46 16.34 2.96 4.26 0.38 16.92 1.48 5.40 5.40 16.72 14.86 11.96 17.34 16.58 1.24 17.10 18.96 17.40 17.12 16.88 6.06 13.90 16.78 16.42 5.68 1.66 1.50 1.14 16.30 3.40 19.24 17.32 18.32 11.28 13.42 17.70 6.18 11.40 12.06 19.78 6.86 9.34 9.10 12.26 11.74 2.44 15.94 7.02 9.92 8.24 14.56 10.00 2.88 2.56 0.00 10.12 17.08 8.38 9.26 5.24 16.00 1.32 9.10 9.60 
4.78 2.62 15.96 8.84 14.84 2.02 17.72 12.04 14.80 13.00 6.00 14.10 6.16 8.02 0.44 4.88 12.90 17.18 4.26 9.64 5.28 2.68 4.70 11.56 18.04 14.50 2.22 5.16 7.08 0.10 8.28 5.88 6.78 13.82 18.28 14.88 13.10 14.38 15.60 14.82 16.96 18.86 5.08 11.84 11.92 16.10 19.38 6.72 15.52 0.88 11.34 17.08 11.72 16.64 3.06 3.44 0.08 2.48 1.08 6.56 16.44 3.26 7.36 14.06 12.12 12.12 18.44 1.26 4.52 0.90 9.82 0.92 9.62 4.32 17.30 15.80 9.06 0.02 9.98 18.32 1.98 17.30 16.58 15.08 10.96 4.38 15.32 9.50 6.38 16.38 9.38 8.76 3.10 17.46 2.40 7.38 5.46 9.68 11.98 19.98 
2.88 1.30 6.42 2.14 9.46 0.54 2.46 15.34 2.86 8.36 8.90 9.08 12.36 0.26 12.52 1.28 14.64 3.08 6.78 18.88 1.26 4.10 16.20 14.26 0.26 17.58 0.14 15.04 11.20 14.02 9.22 0.70 16.60 3.78 5.06 1.98 13.06 11.78 9.52 17.00 3.72 12.88 8.32 2.14 1.44 8.30 14.76 19.30 5.96 12.22 6.42 9.58 11.84 16.54 6.66 18.12 5.70 19.82 17.48 14.30 0.98 18.04 13.18 4.18 14.10 16.82 17.14 11.98 13.32 16.92 9.84 7.84 0.78 9.56 11.22 10.86 7.52 18.34 18.72 17.18 14.48 14.76 17.28 0.38 12.02 13.66 10.36 7.54 10.86 13.36 5.04 13.92 16.02 19.38 7.70 8.48 0.38 1.76 0.82 2.04 
3.40 2.72 13.32 13.72 18.90 2.92 15.70 11.60 0.78 13.40 11.78 3.72 6.68 3.64 8.44 1.90 18.70 7.72 17.68 1.48 18.30 19.82 4.74 18.80 14.30 19.38 6.08 17.60 14.40 16.12 2.42 14.54 17.80 19.16 17.30 2.72 9.10 3.50 18.48 2.90 1.62 15.00 10.84 12.10 2.78 4.20 18.56 16.38 10.30 13.10 13.96 0.36 17.82 11.18 11.76 6.02 12.32 11.34 10.00 2.82 17.52 17.42 14.74 12.28 0.70 6.70 18.60 3.66 2.74 8.64 7.60 0.86 18.56 10.04 15.24 1.24 9.46 2.26 1.16 16.20 17.42 13.46 1.58 15.86 10.94 15.88 10.34 2.24 11.80 8.38 9.00 6.54 3.10 18.06 1.72 10.22 11.66 5.50 18.18 9.62 
19.00 16.26 14.10 0.98 16.12 1.98 5.08 4.72 18.60 7.86 1.48 11.38 16.00 15.58 0.02 10.78 13.96 3.00 14.10 12.42 1.10 0.60 10.16 18.72 16.94 0.46 0.00 1.04 18.48 16.52 8.88 16.62 15.98 2.06 13.08 16.24 2.20 16.60 14.92 17.26 2.00 4.78 15.08 15.76 12.44 0.28 13.58 18.88 9.62 14.82 0.04 9.78 1.32 11.78 8.26 15.92 18.84 3.34 7.00 4.66 7.34 4.72 15.98 7.40 15.26 9.86 3.62 1.56 5.56 12.10 12.90 8.72 12.30 15.66 17.86 2.20 11.30 0.24 17.28 15.08 17.18 17.36 7.16 17.20 7.26 5.62 6.34 12.88 15.10 8.36 5.62 11.40 0.32 14.10 0.58 10.08 10.10 5.00 18.14 14.54 
12.74 3.82 15.18 15.82 19.60 12.90 18.00 16.36 15.06 14.84 10.48 5.38 10.94 19.32 8.82 9.90 13.14 11.18 16.66 16.68 12.14 17.64 15.60 9.08 10.04 4.64 16.10 2.18 6.96 1.16 10.62 2.60 14.94 13.24 5.88 1.32 14.46 5.26 19.34 19.54 6.18 11.84 8.32 7.12 17.52 9.18 9.46 9.42 13.04 18.06 12.00 13.52 1.02 11.98 1.62 3.92 1.62 1.46 7.32 9.56 10.68 10.26 14.16 6.34 14.62 11.50 12.32 10.80 6.58 10.12 6.46 10.18 1.50 6.18 1.32 9.22 1.40 0.42 15.46 18.98 6.12 10.84 17.36 18.04 3.02 19.74 7.86 5.34 11.94 5.52 2.70 10.34 3.14 5.54 17.60 9.34 1.84 7.46 5.70 17.02 
9.72 1.48 1.50 14.30 8.78 5.52 12.54 2.48 9.14 15.02 10.02 10.14 16.60 13.06 12.10 15.22 6.34 6.32 9.38 4.36 16.14 16.70 9.26 14.22 5.46 7.96 11.24 4.26 10.46 10.02 17.16 1.92 2.56 3.72 2.34 14.74 15.66 12.94 2.90 10.02 2.02 15.10 2.28 10.82 18.58 10.58 12.44 4.92 3.58 14.66 9.98 16.14 11.34 18.54 0.54 6.44 13.62 5.70 11.82 5.16 3.90 15.12 19.16 6.08 15.58 0.80 12.82 9.12 0.76 16.44 14.24 7.74 7.26 12.90 0.54 4.54 15.52 4.54 4.30 18.84 0.48 6.02 16.82 16.18 7.74 14.98 7.38 7.28 17.70 16.84 16.54 16.34 0.92 6.96 2.40 15.88 13.90 11.62 14.26 6.84 
17.12 15.54 0.34 4.90 17.70 8.74 19.66 11.18 4.52 3.56 16.66 0.28 5.56 11.86 1.64 0.26 16.84 9.22 1.66 16.26 14.64 5.40 16.26 7.32 10.94 3.90 17.98 18.18 6.28 0.62 8.72 14.70 17.84 14.60 15.74 14.72 10.10 7.44 12.52 18.88 15.38 5.60 5.14 16.32 10.74 6.10 18.66 18.44 7.04 14.36 2.84 11.58 4.34 0.42 17.78 4.30 9.36 18.64 15.04 12.54 9.96 14.34 4.10 1.48 14.02 13.40 12.66 5.16 11.78 2.68 15.72 17.38 14.48 19.12 16.14 12.56 13.04 8.32 8.94 12.64 16.46 6.00 17.40 14.74 19.60 8.32 5.38 7.78 2.36 2.92 3.82 11.10 1.68 13.68 10.50 11.28 15.04 4.42 15.44 19.70 
5.94 19.80 19.36 2.66 3.28 13.82 1.22 0.62 7.32 7.54 1.72 8.30 13.02 6.90 1.28 9.98 19.22 8.40 11.46 6.78 11.74 6.72 13.92 15.96 4.52 11.74 18.58 15.74 0.94 7.18 3.34 18.14 5.44 6.68 10.98 2.84 1.70 10.66 12.02 7.94 19.94 16.74 2.00 9.60 11.82 13.52 15.08 9.04 14.86 1.70 6.14 19.00 9.34 1.80 18.22 4.22 1.02 7.52 9.36 15.04 17.24 9.52 10.82 7.66 5.02 2.78 3.56 15.56 6.30 1.56 5.40 0.50 13.52 8.02 15.12 8.78 19.74 14.52 2.16 10.88 1.32 2.82 16.34 7.74 11.34 19.82 12.02 10.52 2.06 5.10 5.70 17.78 1.88 5.90 15.92 13.82 2.20 16.54 17.88 6.58 
13.10 8.38 9.18 7.76 12.68 18.62 17.76 19.02 17.34 11.22 19.80 6.50 0.34 5.20 3.72 4.76 2.20 14.78 17.56 17.22 1.88 8.82 15.46 9.58 14.52 2.44 6.56 1.58 16.54 0.80 8.74 19.62 15.22 11.40 18.02 0.46 0.78 17.46 5.60 1.42 8.00 10.00 13.00 18.78 7.96 9.38 11.84 9.74 18.56 0.06 4.06 2.08 9.14 3.88 16.24 0.68 18.10 19.22 14.52 16.64 17.46 16.56 5.54 7.80 5.32 17.22 9.94 10.86 17.74 2.48 7.76 15.54 4.34 16.72 1.36 7.56 15.34 4.64 12.54 15.94 2.64 9.74 12.96 13.66 3.92 12.84 11.86 2.24 2.60 19.28 7.60 16.58 10.64 14.86 16.86 16.14 12.82 16.28 13.06 5.56 
8.78 18.72 17.70 3.96 1.94 2.94 8.78 9.64 13.08 13.72 1.36 12.18 15.72 14.60 18.78 4.08 10.76 17.68 10.32 1.48 1.10 14.68 9.40 2.24 12.84 7.00 9.30 5.48 5.76 19.60 12.74 0.96 14.28 6.96 10.86 0.66 10.22 14.32 6.02 3.88 9.20 10.78 12.08 11.30 1.04 2.34 15.20 9.58 17.80 17.72 13.56 5.68 8.16 19.48 17.20 19.20 5.34 12.70 10.32 7.82 7.60 5.08 9.30 11.26 10.54 13.24 19.02 13.02 10.76 10.70 16.22 11.46 10.40 2.66 0.62 14.66 6.80 12.36 16.54 8.58 11.72 13.08 8.82 5.00 10.44 19.76 7.58 19.16 15.76 16.74 5.36 2.86 18.62 3.30 15.82 19.04 11.68 8.94 11.04 7.98 
12.66 8.42 13.30 1.18 17.06 3.10 7.74 3.34 18.70 15.06 4.74 7.18 18.98 3.98 11.52 4.14 19.42 10.46 0.02 11.66 18.56 3.66 19.06 5.86 12.22 12.72 6.60 18.36 2.50 11.68 10.56 11.72 15.36 14.34 3.12 9.78 1.62 10.48 11.16 5.26 12.30 5.46 11.62 2.48 2.88 15.64 9.96 12.80 16.72 9.24 8.38 15.60 3.88 0.66 10.50 17.00 15.92 14.28 5.90 0.64 12.28 16.76 0.08 13.38 8.68 2.00 17.80 7.38 0.56 18.50 16.72 9.04 15.22 1.32 6.60 13.30 6.64 18.90 1.58 4.98 1.38 17.38 10.18 1.08 5.04 18.80 12.74 1.88 7.10 15.62 7.02 12.80 19.70 9.52 1.86 2.46 0.02 19.60 12.62 18.06 
9.78 10.22 18.64 13.82 8.98 15.84 19.76 8.56 12.64 16.64 10.78 17.14 9.52 17.38 3.94 11.16 14.54 2.28 6.52 13.40 13.58 14.54 11.90 18.30 18.80 8.26 5.36 10.16 18.96 0.06 16.06 5.44 13.60 5.18 18.96 5.72 0.72 14.54 10.34 3.18 7.46 5.82 18.54 15.08 16.32 17.82 4.28 13.74 18.40 15.96 17.86 5.04 8.88 12.06 1.02 10.52 15.78 7.84 11.36 4.48 9.02 2.90 2.58 13.30 17.30 9.88 16.20 10.30 14.62 6.90 10.56 11.64 3.16 5.16 13.60 19.84 10.20 15.00 4.88 13.58 19.30 1.16 10.08 5.44 12.38 4.88 3.68 8.86 7.04 14.06 2.66 9.20 16.80 18.14 18.34 11.46 13.02 1.32 12.98 11.76 
13.10 2.22 14.96 9.00 4.42 18.66 15.20 2.22 9.22 1.52 19.52 14.28 17.98 9.60 19.82 4.16 4.02 7.36 18.70 7.36 8.10 18.76 11.54 16.64 8.28 2.20 9.84 16.46 9.36 13.78 12.92 8.04 17.82 0.04 4.94 9.66 11.80 4.76 17.60 16.26 9.88 11.88 10.80 0.44 3.34 5.52 7.18 19.04 4.04 12.82 15.58 5.88 3.50 5.56 13.80 4.24 2.46 15.66 5.44 17.62 14.34 18.88 16.70 12.52 0.40 5.02 18.86 13.50 10.84 1.22 6.20 1.54 18.08 15.04 16.82 9.92 0.92 6.02 10.14 14.62 7.28 4.38 5.90 13.90 7.88 16.30 19.32 5.02 12.16 13.04 19.64 17.92 2.02 8.74 7.12 12.02 12.88 16.22 17.52 9.80 
17.42 15.60 15.26 4.24 12.38 3.82 5.84 5.98 10.00 9.70 12.88 2.12 2.28 5.34 15.26 16.94 7.88 8.22 9.50 1.88 2.22 14.48 10.50 0.16 12.48 12.38 13.44 11.00 8.04 0.86 14.84 8.56 8.98 11.62 17.26 7.04 9.46 11.46 8.72 19.78 19.12 3.28 18.54 10.54 5.28 18.78 5.50 15.38 15.26 11.84 11.14 15.64 14.92 9.44 19.76 8.04 15.46 15.38 4.78 12.24 19.40 2.58 4.16 9.58 11.74 1.12 13.92 17.94 2.04 4.90 19.30 12.74 10.18 16.70 15.86 19.24 18.80 6.84 17.36 6.08 0.78 19.56 17.06 16.96 12.58 2.30 5.88 12.42 7.46 12.66 2.70 3.74 11.08 14.00 9.90 18.90 14.08 11.70 18.96 7.84 
18.78 5.18 12.62 9.06 1.12 16.20 10.12 1.76 5.10 19.30 3.54 16.42 19.40 14.88 3.34 12.12 7.54 9.92 0.02 12.62 12.28 4.46 2.90 2.00 7.26 3.98 14.36 3.04 15.72 0.14 2.24 6.86 16.72 4.70 11.14 8.38 16.90 5.74 8.10 11.04 4.36 1.80 2.12 1.06 16.22 12.44 13.18 12.56 9.36 1.16 14.90 2.78 15.20 5.66 16.06 1.60 11.58 9.08 10.32 10.64 3.14 1.40 5.86 9.74 15.80 11.50 8.74 8.32 19.24 6.46 7.36 15.90 7.70 13.22 0.40 11.08 3.62 18.66 17.42 18.34 19.30 8.38 16.50 13.34 0.62 18.06 17.88 1.16 6.24 19.66 8.64 11.78 0.84 3.56 1.68 19.72 5.68 10.46 2.64 7.36 
4.70 4.66 19.44 18.92 14.80 2.78 19.14 5.86 19.30 3.16 1.68 5.28 1.98 0.86 8.70 17.60 3.16 16.14 18.10 15.54 0.80 10.28 11.54 4.86 8.72 18.14 0.52 1.60 14.96 11.44 3.22 17.62 1.38 17.54 17.40 5.48 6.50 16.54 7.08 17.52 15.42 10.78 10.18 6.14 4.48 10.16 0.84 13.32 2.42 15.84 18.92 4.48 0.92 4.74 1.08 1.06 15.48 16.40 3.08 13.36 12.46 14.38 11.82 17.72 14.12 7.58 17.34 14.46 2.02 3.16 16.04 17.90 8.74 4.52 16.20 15.38 12.50 17.44 8.04 9.38 11.08 16.54 12.26 7.44 6.58 5.34 13.14 16.32 17.88 1.22 2.42 6.78 10.88 1.36 16.22 15.88 8.12 14.80 4.12 19.86 
10.96 9.42 6.26 18.06 1.66 8.86 9.08 8.00 13.98 12.84 14.62 7.60 6.68 6.40 6.40 14.90 10.42 16.82 6.70 1.02 16.28 4.64 8.14 6.74 2.80 5.68 14.20 12.82 1.22 17.36 11.34 14.10 10.12 14.96 12.18 10.50 4.50 4.10 8.06 1.96 19.82 16.62 10.14 9.56 16.74 0.68 11.66 5.88 5.52 14.62 18.68 17.04 15.96 1.24 2.08 19.54 18.72 7.72 14.90 15.06 14.58 10.42 5.22 2.38 15.06 16.52 18.62 3.86 8.56 1.18 12.48 14.68 12.02 12.40 8.62 18.54 7.62 3.48 15.20 1.86 13.20 7.60 13.92 12.66 4.52 7.10 15.86 19.82 17.60 7.96 8.16 8.02 12.00 13.06 2.84 18.58 16.40 11.74 17.34 0.22 
0.40 7.34 18.94 3.12 8.88 2.26 0.44 6.58 6.66 2.52 15.06 6.98 0.34 5.28 0.78 4.82 15.42 14.48 19.90 6.50 19.54 6.78 11.58 19.38 17.54 13.52 14.38 12.34 10.88 12.26 13.96 4.96 6.94 12.34 14.84 17.92 17.76 13.96 7.20 16.46 7.96 7.24 3.18 4.58 16.80 19.44 1.98 19.06 7.36 12.34 14.14 17.44 10.76 1.32 5.66 2.46 1.92 2.56 19.62 17.54 17.30 16.36 15.36 19.22 1.72 5.62 18.68 1.18 4.76 9.84 9.50 8.92 11.76 19.98 7.72 0.14 2.16 10.28 10.96 17.00 9.78 2.30 10.36 13.02 10.82 9.28 6.74 9.62 7.24 5.12 8.44 12.10 7.08 11.14 7.40 4.96 2.16 13.88 17.00 18.18 
11.98 7.94 17.56 4.96 7.12 10.54 4.44 0.40 12.68 6.92 3.46 1.44 4.32 0.58 16.22 18.36 12.14 9.58 7.76 5.84 0.32 0.04 15.56 19.08 19.60 13.90 12.96 12.56 7.74 9.56 7.96 12.82 11.86 4.88 14.74 13.02 8.24 3.72 7.24 18.92 17.72 12.46 14.64 8.98 12.34 15.50 10.84 14.66 1.78 10.16 17.12 12.30 4.50 18.16 19.42 19.14 12.46 3.20 0.56 1.04 9.32 19.94 1.48 17.14 8.80 10.86 4.04 11.54 14.38 10.24 7.82 18.00 16.00 3.44 11.58 0.28 18.50 10.62 2.16 9.08 15.46 12.48 5.16 10.08 19.98 8.48 15.16 4.30 16.30 9.36 13.26 0.74 19.38 7.00 6.16 4.26 18.10 6.42 7.30 16.30 